   1.6810000e+03
   1.6810000e+03
   1.6970000e+03
   1.6350000e+03
   1.6810000e+03
   1.6650000e+03
   1.6490000e+03
   1.6650000e+03
   1.6490000e+03
   1.6490000e+03
   1.6490000e+03
   1.6650000e+03
   1.6650000e+03
   1.6650000e+03
   1.6810000e+03
   1.6810000e+03
   1.7110000e+03
   1.6120000e+03
   1.6280000e+03
   1.6740000e+03
   1.6740000e+03
   1.6740000e+03
   1.6740000e+03
   1.6740000e+03
   1.6280000e+03
   1.6280000e+03
   1.6280000e+03
   1.6280000e+03
   1.6280000e+03
   1.6280000e+03
   1.6120000e+03
   1.6120000e+03
   1.6120000e+03
   1.4970000e+03
   1.4970000e+03
   1.3520000e+03
   1.3520000e+03
   1.2900000e+03
   1.3360000e+03
   1.3360000e+03
   1.3200000e+03
   1.3200000e+03
   1.3200000e+03
   1.3500000e+03
   1.3500000e+03
   1.3500000e+03
   1.3500000e+03
   1.3500000e+03
   1.3340000e+03
   1.2880000e+03
   1.3500000e+03
   1.3340000e+03
   1.3800000e+03
   1.2350000e+03
   1.2350000e+03
   1.2970000e+03
   1.2970000e+03
   1.2970000e+03
   1.2970000e+03
   1.2970000e+03
   1.3130000e+03
   1.2140000e+03
   1.2140000e+03
   1.2140000e+03
   1.2140000e+03
   1.1980000e+03
   1.1980000e+03
   1.1980000e+03
   1.1980000e+03
   1.1980000e+03
   1.1980000e+03
   1.1980000e+03
   1.1980000e+03
   1.2440000e+03
   1.2600000e+03
   1.2600000e+03
   1.2440000e+03
   1.2740000e+03
   1.2120000e+03
   1.3110000e+03
   1.3110000e+03
   1.2490000e+03
   1.3480000e+03
   1.2860000e+03
   1.2400000e+03
   1.2400000e+03
   1.2240000e+03
   1.1620000e+03
   1.1000000e+03
   1.1000000e+03
   1.0540000e+03
   1.1530000e+03
   1.1070000e+03
   1.1070000e+03
   1.0610000e+03
   1.1600000e+03
   1.1600000e+03
   1.0980000e+03
   1.1440000e+03
   1.0980000e+03
   1.0980000e+03
   1.0980000e+03
   1.0980000e+03
   1.0980000e+03
   1.0520000e+03
   1.0980000e+03
   1.1140000e+03
   1.0980000e+03
   1.1140000e+03
   1.1140000e+03
   1.1300000e+03
   1.1460000e+03
   1.1460000e+03
   1.1920000e+03
   1.1460000e+03
   1.1460000e+03
   1.1460000e+03
   1.2080000e+03
   1.2080000e+03
   1.2080000e+03
   1.2080000e+03
   1.2080000e+03
   1.2080000e+03
   1.2080000e+03
   1.2080000e+03
   1.2080000e+03
   1.2080000e+03
   1.2080000e+03
   1.2080000e+03
   1.2080000e+03
   1.2080000e+03
   1.2540000e+03
   1.2540000e+03
   1.2540000e+03
   1.2540000e+03
   1.2540000e+03
   1.2540000e+03
   1.2540000e+03
   1.3000000e+03
   1.3000000e+03
   1.3620000e+03
   1.3620000e+03
   1.3620000e+03
   1.3620000e+03
   1.3620000e+03
   1.3620000e+03
   1.3620000e+03
   1.3620000e+03
   1.3620000e+03
   1.3160000e+03
   1.3160000e+03
   1.3160000e+03
   1.3160000e+03
   1.3160000e+03
   1.3160000e+03
   1.3160000e+03
   1.3160000e+03
   1.2700000e+03
   1.2700000e+03
   1.2700000e+03
   1.2700000e+03
   1.2700000e+03
   1.2240000e+03
   1.2240000e+03
   1.2240000e+03
   1.2080000e+03
   1.2080000e+03
   1.2080000e+03
   1.2080000e+03
   1.2080000e+03
   1.2080000e+03
   1.2080000e+03
   1.2080000e+03
   1.2080000e+03
   1.2080000e+03
   1.2080000e+03
   1.2080000e+03
   1.2540000e+03
   1.2540000e+03
   1.2540000e+03
   1.2540000e+03
   1.2540000e+03
   1.2540000e+03
   1.2700000e+03
   1.2700000e+03
   1.2540000e+03
   1.2540000e+03
   1.2540000e+03
   1.2540000e+03
   1.2540000e+03
   1.2540000e+03
   1.2080000e+03
   1.1920000e+03
   1.1760000e+03
   1.1760000e+03
   1.1920000e+03
   1.1920000e+03
   1.1460000e+03
   1.1460000e+03
   1.1000000e+03
   1.1000000e+03
   1.1000000e+03
   1.1000000e+03
   1.1000000e+03
   1.1000000e+03
   1.1000000e+03
   1.1000000e+03
   1.1460000e+03
   1.1460000e+03
   1.1460000e+03
   1.1460000e+03
   1.1460000e+03
   1.1000000e+03
   1.1000000e+03
   1.1000000e+03
   1.1000000e+03
   1.1000000e+03
   1.1000000e+03
   1.1000000e+03
   1.1000000e+03
   1.1000000e+03
   1.1460000e+03
   1.1000000e+03
   1.1460000e+03
   1.1460000e+03
   1.1460000e+03
   1.1460000e+03
   1.1300000e+03
   1.0840000e+03
   1.0840000e+03
   1.0840000e+03
   1.0840000e+03
   1.0380000e+03
   1.0380000e+03
   1.0380000e+03
   1.0380000e+03
   9.9200000e+02
   9.9200000e+02
   9.9200000e+02
   9.9200000e+02
   1.0220000e+03
   1.0220000e+03
   1.0220000e+03
   1.0680000e+03
   1.0680000e+03
   1.0680000e+03
   1.0220000e+03
   1.0680000e+03
   1.0680000e+03
   1.0680000e+03
   1.0680000e+03
   1.0680000e+03
   1.0840000e+03
   1.1300000e+03
   1.1300000e+03
   1.1460000e+03
   1.1920000e+03
   1.1920000e+03
   1.1920000e+03
   1.1920000e+03
   1.1760000e+03
   1.1920000e+03
   1.1920000e+03
   1.2080000e+03
   1.2080000e+03
   1.3530000e+03
   1.4520000e+03
   1.4520000e+03
   1.4980000e+03
   1.5440000e+03
   1.5440000e+03
   1.5440000e+03
   1.5140000e+03
   1.5140000e+03
   1.5140000e+03
   1.5140000e+03
   1.5440000e+03
   1.5600000e+03
   1.5600000e+03
   1.5760000e+03
   1.5760000e+03
   1.5920000e+03
   1.6380000e+03
   1.6380000e+03
   1.6680000e+03
   1.6840000e+03
   1.7300000e+03
   1.7300000e+03
   1.7300000e+03
   1.7300000e+03
   1.7760000e+03
   1.7760000e+03
   1.7300000e+03
   1.7300000e+03
   1.7760000e+03
   1.7760000e+03
   1.7760000e+03
   1.7760000e+03
   1.7760000e+03
   1.7760000e+03
   1.7760000e+03
   1.8220000e+03
   1.7760000e+03
   1.7760000e+03
   1.7300000e+03
   1.7300000e+03
   1.7300000e+03
   1.7300000e+03
   1.7300000e+03
   1.7300000e+03
   1.7300000e+03
   1.7460000e+03
   1.7460000e+03
   1.7460000e+03
   1.8080000e+03
   1.8080000e+03
   1.8080000e+03
   1.7620000e+03
   1.9070000e+03
   1.8080000e+03
   1.8080000e+03
   1.6790000e+03
   1.6790000e+03
   1.7410000e+03
   1.7410000e+03
   1.7410000e+03
   1.7410000e+03
   1.7410000e+03
   1.7410000e+03
   1.7410000e+03
   1.7410000e+03
   1.7410000e+03
   1.7410000e+03
   1.7410000e+03
   1.7250000e+03
   1.7250000e+03
   1.7250000e+03
   1.6790000e+03
   1.6790000e+03
   1.6790000e+03
   1.6790000e+03
   1.6790000e+03
   1.6790000e+03
   1.6790000e+03
   1.7250000e+03
   1.7870000e+03
   1.7870000e+03
   1.8330000e+03
   1.8330000e+03
   1.8330000e+03
   1.8330000e+03
   1.8330000e+03
   1.8330000e+03
   1.7710000e+03
   1.8700000e+03
   1.8240000e+03
   1.8770000e+03
   1.8770000e+03
   1.9230000e+03
   1.9070000e+03
   1.8910000e+03
   1.8610000e+03
   1.8610000e+03
   1.8150000e+03
   1.8150000e+03
   1.7690000e+03
   1.7690000e+03
   1.7690000e+03
   1.7690000e+03
   1.7690000e+03
   1.7690000e+03
   1.7690000e+03
   1.7690000e+03
   1.7690000e+03
   1.7230000e+03
   1.7230000e+03
   1.7690000e+03
   1.7690000e+03
   1.7530000e+03
   1.7530000e+03
   1.7530000e+03
   1.7530000e+03
   1.7530000e+03
   1.7530000e+03
   1.7370000e+03
   1.7830000e+03
   1.7670000e+03
   1.7050000e+03
   1.7050000e+03
   1.7050000e+03
   1.7510000e+03
   1.7670000e+03
   1.6220000e+03
   1.6220000e+03
   1.6220000e+03
   1.6680000e+03
   1.6520000e+03
   1.7510000e+03
   1.8500000e+03
   1.9490000e+03
   1.8870000e+03
   1.9030000e+03
   1.9560000e+03
   1.9260000e+03
   1.9880000e+03
   1.9880000e+03
   1.9880000e+03
   1.9880000e+03
   1.9880000e+03
   1.9880000e+03
   1.9880000e+03
   1.9880000e+03
   1.9880000e+03
   1.9880000e+03
   1.9880000e+03
   1.9880000e+03
   1.9880000e+03
   2.0340000e+03
   2.0340000e+03
   2.0340000e+03
   2.0340000e+03
   2.0340000e+03
   2.0180000e+03
   2.1170000e+03
   2.1010000e+03
   2.0390000e+03
   2.0390000e+03
   2.0390000e+03
   2.0850000e+03
   2.0850000e+03
   2.0850000e+03
   2.0850000e+03
   2.1010000e+03
   2.1010000e+03
   1.9860000e+03
   1.9860000e+03
   2.0320000e+03
   2.0320000e+03
   2.0780000e+03
   2.0780000e+03
   2.0320000e+03
   2.0320000e+03
   2.0780000e+03
   2.0780000e+03
   2.0780000e+03
   2.0780000e+03
   2.0780000e+03
   2.0480000e+03
   2.0480000e+03
   2.0640000e+03
   2.0640000e+03
   2.0640000e+03
   2.1260000e+03
   2.1260000e+03
   2.1260000e+03
   2.1260000e+03
   2.0960000e+03
   2.0960000e+03
   2.1580000e+03
   2.1580000e+03
   2.1740000e+03
   2.1740000e+03
   2.2360000e+03
   2.1900000e+03
   2.1900000e+03
   2.2360000e+03
   2.2360000e+03
   2.1900000e+03
   2.1900000e+03
   2.1440000e+03
   2.1740000e+03
   2.1740000e+03
   2.3190000e+03
   2.3650000e+03
   2.3190000e+03
   2.3190000e+03
   2.3190000e+03
   2.3190000e+03
   2.3190000e+03
   2.3190000e+03
   2.3030000e+03
   2.3030000e+03
   2.3030000e+03
   2.2870000e+03
   2.2250000e+03
   2.2250000e+03
   2.2250000e+03
   2.2710000e+03
   2.2550000e+03
   2.2550000e+03
   2.2090000e+03
   2.2090000e+03
   2.2090000e+03
   2.2250000e+03
   2.2250000e+03
   2.2870000e+03
   2.2870000e+03
   2.1720000e+03
   2.1720000e+03
   2.1560000e+03
   2.0940000e+03
   2.0940000e+03
   2.0780000e+03
   2.0780000e+03
   2.0320000e+03
   2.0480000e+03
   2.0480000e+03
   2.0320000e+03
   1.9860000e+03
   1.9860000e+03
   1.9860000e+03
   1.9700000e+03
   1.9700000e+03
   1.9700000e+03
   1.9540000e+03
   1.9540000e+03
   1.9080000e+03
   2.0070000e+03
   2.0070000e+03
   1.9610000e+03
   1.9610000e+03
   1.9610000e+03
   2.0070000e+03
   2.0070000e+03
   2.0070000e+03
   2.0070000e+03
   2.0070000e+03
   2.0070000e+03
   2.0070000e+03
   2.0070000e+03
   2.0070000e+03
   2.0070000e+03
   1.9910000e+03
   2.0440000e+03
   2.0440000e+03
   2.1270000e+03
   2.1270000e+03
   2.1270000e+03
   2.0810000e+03
   2.0810000e+03
   2.0350000e+03
   2.0810000e+03
   2.0810000e+03
   2.0350000e+03
   2.0350000e+03
   2.0350000e+03
   2.0810000e+03
   2.0810000e+03
   2.0810000e+03
   2.0810000e+03
   2.0190000e+03
   2.0190000e+03
   1.9730000e+03
   2.1180000e+03
   2.1180000e+03
   2.0560000e+03
   2.0560000e+03
   2.0560000e+03
   2.1020000e+03
   2.1020000e+03
   2.0860000e+03
   2.1850000e+03
   2.1850000e+03
   2.1850000e+03
   2.1850000e+03
   2.1850000e+03
   2.1850000e+03
   2.1850000e+03
   2.1850000e+03
   2.1850000e+03
   2.1850000e+03
   2.1850000e+03
   2.2010000e+03
   2.1550000e+03
   2.1390000e+03
   2.1390000e+03
   2.1390000e+03
   2.0930000e+03
   2.0930000e+03
   2.0930000e+03
   2.0930000e+03
   2.0930000e+03
   2.1090000e+03
   2.1550000e+03
   2.1550000e+03
   2.1550000e+03
   2.1550000e+03
   2.1550000e+03
   2.1550000e+03
   2.1550000e+03
   2.1550000e+03
   2.1710000e+03
   2.1710000e+03
   2.1710000e+03
   2.1710000e+03
   2.1710000e+03
   2.1710000e+03
   2.1710000e+03
   2.1250000e+03
   2.1250000e+03
   2.1250000e+03
   2.1250000e+03
   2.1250000e+03
   2.1250000e+03
   2.1250000e+03
   2.1250000e+03
   2.1090000e+03
   2.1090000e+03
   2.0930000e+03
   2.0930000e+03
   2.0770000e+03
   2.0610000e+03
   2.0610000e+03
   2.0150000e+03
   2.0610000e+03
   2.0610000e+03
   2.0610000e+03
   1.9990000e+03
   1.9990000e+03
   1.9990000e+03
   1.9990000e+03
   1.9990000e+03
   1.9990000e+03
   2.0150000e+03
   2.0150000e+03
   2.0150000e+03
   2.0150000e+03
   2.0150000e+03
   2.0150000e+03
   2.0150000e+03
   2.0150000e+03
   1.9690000e+03
   1.9690000e+03
   1.9690000e+03
   1.9690000e+03
   1.9690000e+03
   1.9690000e+03
   1.9690000e+03
   1.9230000e+03
   1.9230000e+03
   1.8610000e+03
   1.8610000e+03
   1.8610000e+03
   1.8610000e+03
   1.8610000e+03
   1.8610000e+03
   1.8610000e+03
   1.8610000e+03
   1.8610000e+03
   1.8610000e+03
   1.8610000e+03
   1.8610000e+03
   1.9070000e+03
   1.9070000e+03
   1.9070000e+03
   1.9070000e+03
   1.9070000e+03
   1.9070000e+03
   1.9070000e+03
   1.9070000e+03
   1.9070000e+03
   1.9070000e+03
   1.9070000e+03
   1.9070000e+03
   1.9070000e+03
   1.9070000e+03
   1.9070000e+03
   1.8450000e+03
   1.8450000e+03
   1.8450000e+03
   1.8910000e+03
   1.8450000e+03
   1.8450000e+03
   1.8450000e+03
   1.8450000e+03
   1.8450000e+03
   1.8450000e+03
   1.7990000e+03
   1.7990000e+03
   1.7990000e+03
   1.7990000e+03
   1.7990000e+03
   1.7990000e+03
   1.7830000e+03
   1.7830000e+03
   1.7830000e+03
   1.7830000e+03
   1.7830000e+03
   1.7830000e+03
   1.7830000e+03
   1.7830000e+03
   1.7830000e+03
   1.7990000e+03
   1.7990000e+03
   1.7990000e+03
   1.7830000e+03
   1.7830000e+03
   1.7830000e+03
   1.7830000e+03
   1.7830000e+03
   1.7830000e+03
   1.7830000e+03
   1.7830000e+03
   1.7830000e+03
   1.7830000e+03
   1.7830000e+03
   1.7830000e+03
   1.7990000e+03
   1.7990000e+03
   1.7990000e+03
   1.7990000e+03
   1.8450000e+03
   1.8450000e+03
   1.8450000e+03
   1.8450000e+03
   1.8450000e+03
   1.8450000e+03
   1.8450000e+03
   1.8450000e+03
   1.8610000e+03
   1.8610000e+03
   1.8610000e+03
   1.7620000e+03
   1.7620000e+03
   1.7620000e+03
   1.7620000e+03
   1.7620000e+03
   1.7620000e+03
   1.7620000e+03
   1.7620000e+03
   1.7620000e+03
   1.7620000e+03
   1.7620000e+03
   1.7620000e+03
   1.7620000e+03
   1.7620000e+03
   1.7620000e+03
   1.7620000e+03
   1.7620000e+03
   1.7620000e+03
   1.7160000e+03
   1.7160000e+03
   1.7160000e+03
   1.6700000e+03
   1.6700000e+03
   1.6700000e+03
   1.6700000e+03
   1.6240000e+03
   1.6240000e+03
   1.6240000e+03
   1.6240000e+03
   1.6240000e+03
   1.6240000e+03
   1.5780000e+03
   1.5940000e+03
   1.6400000e+03
   1.5940000e+03
   1.6400000e+03
   1.6400000e+03
   1.5940000e+03
   1.5940000e+03
   1.5780000e+03
   1.5780000e+03
   1.5620000e+03
   1.5620000e+03
   1.5160000e+03
   1.5160000e+03
   1.5320000e+03
   1.4860000e+03
   1.4860000e+03
   1.4860000e+03
   1.5480000e+03
   1.5320000e+03
   1.5320000e+03
   1.5320000e+03
   1.5320000e+03
   1.4860000e+03
   1.4700000e+03
   1.4700000e+03
   1.4540000e+03
   1.4700000e+03
   1.4540000e+03
   1.4080000e+03
   1.4080000e+03
   1.3620000e+03
   1.3460000e+03
   1.3000000e+03
   1.3000000e+03
   1.3000000e+03
   1.3000000e+03
   1.2540000e+03
   1.2540000e+03
   1.2540000e+03
   1.2540000e+03
   1.2080000e+03
   1.2080000e+03
   1.2080000e+03
   1.2080000e+03
   1.2080000e+03
   1.2240000e+03
   1.2240000e+03
   1.1780000e+03
   1.1780000e+03
   1.1780000e+03
   1.1780000e+03
   1.1780000e+03
   1.1780000e+03
   1.1780000e+03
   1.1780000e+03
   1.1780000e+03
   1.1780000e+03
   1.1620000e+03
   1.1620000e+03
   1.2080000e+03
   1.1620000e+03
   1.2080000e+03
   1.1920000e+03
   1.2220000e+03
   1.1760000e+03
   1.2750000e+03
   1.2750000e+03
   1.3580000e+03
   1.3580000e+03
   1.2960000e+03
   1.2960000e+03
   1.2960000e+03
   1.2960000e+03
   1.2960000e+03
   1.3120000e+03
   1.2130000e+03
   1.2130000e+03
   1.2750000e+03
   1.2750000e+03
   1.3370000e+03
   1.3370000e+03
   1.3370000e+03
   1.3370000e+03
   1.3370000e+03
   1.3990000e+03
   1.3990000e+03
   1.3990000e+03
   1.3990000e+03
   1.3990000e+03
   1.3990000e+03
   1.3530000e+03
   1.2910000e+03
   1.2910000e+03
   1.2610000e+03
   1.2610000e+03
   1.3230000e+03
   1.2240000e+03
   1.2080000e+03
   1.2080000e+03
   1.2080000e+03
   1.2080000e+03
   1.2080000e+03
   1.2080000e+03
   1.2080000e+03
   1.1620000e+03
   1.1620000e+03
   1.1620000e+03
   1.1460000e+03
   1.1460000e+03
   1.1920000e+03
   1.1920000e+03
   1.1920000e+03
   1.1920000e+03
   1.1920000e+03
   1.1920000e+03
   1.2380000e+03
   1.2380000e+03
   1.2380000e+03
   1.2380000e+03
   1.2380000e+03
   1.2380000e+03
   1.2380000e+03
   1.2080000e+03
   1.2080000e+03
   1.2700000e+03
   1.3160000e+03
   1.3160000e+03
   1.3320000e+03
   1.3480000e+03
   1.3940000e+03
   1.3410000e+03
   1.2950000e+03
   1.2950000e+03
   1.2950000e+03
   1.2950000e+03
   1.2950000e+03
   1.2490000e+03
   1.2330000e+03
   1.3320000e+03
   1.3320000e+03
   1.3780000e+03
   1.3320000e+03
   1.3320000e+03
   1.3320000e+03
   1.3320000e+03
   1.3320000e+03
   1.3780000e+03
   1.3620000e+03
   1.3620000e+03
   1.3460000e+03
   1.2840000e+03
   1.2840000e+03
   1.2840000e+03
   1.2380000e+03
   1.2380000e+03
   1.2840000e+03
   1.2840000e+03
   1.2840000e+03
   1.2840000e+03
   1.3000000e+03
   1.3000000e+03
   1.3160000e+03
   1.3620000e+03
   1.2170000e+03
   1.2170000e+03
   1.2170000e+03
   1.2170000e+03
   1.2330000e+03
   1.2330000e+03
   1.2950000e+03
   1.2950000e+03
   1.3410000e+03
   1.3410000e+03
   1.3410000e+03
   1.2950000e+03
   1.3110000e+03
   1.3110000e+03
   1.3110000e+03
   1.3110000e+03
   1.2120000e+03
   1.3110000e+03
   1.3110000e+03
   1.2650000e+03
   1.2650000e+03
   1.2190000e+03
   1.2190000e+03
   1.2190000e+03
   1.2190000e+03
   1.1730000e+03
   1.0280000e+03
   1.0280000e+03
   1.0900000e+03
   1.0900000e+03
   1.0740000e+03
   1.0740000e+03
   1.0580000e+03
   1.0420000e+03
   1.1040000e+03
   1.0420000e+03
   1.0420000e+03
   1.0420000e+03
   1.0420000e+03
   1.0260000e+03
   1.0260000e+03
   9.6400000e+02
   9.6400000e+02
   9.4800000e+02
   9.4800000e+02
   8.8600000e+02
   8.8600000e+02
   8.8600000e+02
   8.4000000e+02
   8.4000000e+02
   8.4000000e+02
   8.4000000e+02
   8.4000000e+02
   8.1000000e+02
   8.1000000e+02
   7.6400000e+02
   7.1800000e+02
   7.6400000e+02
   7.6400000e+02
   7.6400000e+02
   7.6400000e+02
   7.6400000e+02
   7.8000000e+02
   5.8200000e+02
   5.8200000e+02
   5.8200000e+02
   5.9800000e+02
   5.9800000e+02
   5.9800000e+02
   5.9800000e+02
   5.5200000e+02
   5.5200000e+02
   5.5200000e+02
   5.5200000e+02
   5.5200000e+02
   5.6800000e+02
   5.5200000e+02
   5.5200000e+02
   5.3600000e+02
   5.3600000e+02
   6.3500000e+02
   6.3500000e+02
   5.3600000e+02
   5.3600000e+02
   5.8200000e+02
   5.8200000e+02
   5.9800000e+02
   6.4400000e+02
   6.2800000e+02
   6.2800000e+02
   6.9000000e+02
   7.0600000e+02
   7.5200000e+02
   7.5200000e+02
   8.1400000e+02
   8.1400000e+02
   8.1400000e+02
   8.6000000e+02
   9.0600000e+02
   9.0600000e+02
   9.0600000e+02
   8.9000000e+02
   9.3600000e+02
   9.5200000e+02
   7.5400000e+02
   7.0800000e+02
   7.7000000e+02
   7.7000000e+02
   7.7000000e+02
   7.7000000e+02
   7.7000000e+02
   7.7000000e+02
   7.7000000e+02
   7.7000000e+02
   7.7000000e+02
   7.8600000e+02
   7.8600000e+02
   7.8600000e+02
   8.0200000e+02
   8.0200000e+02
   8.4800000e+02
   8.4800000e+02
   8.4800000e+02
   8.4800000e+02
   8.0200000e+02
   8.0200000e+02
   8.0200000e+02
   8.0200000e+02
   8.0200000e+02
   7.5600000e+02
   7.7200000e+02
   8.1800000e+02
   8.1800000e+02
   8.6400000e+02
   8.6400000e+02
   8.6400000e+02
   8.1800000e+02
   8.1800000e+02
   8.1800000e+02
   8.1800000e+02
   8.1800000e+02
   7.7200000e+02
   7.7200000e+02
   7.7200000e+02
   7.7200000e+02
   7.7200000e+02
   7.7200000e+02
   7.7200000e+02
   7.7200000e+02
   7.7200000e+02
   7.7200000e+02
   8.1800000e+02
   8.1800000e+02
   8.1800000e+02
   8.1800000e+02
   8.0200000e+02
   8.0200000e+02
   8.0200000e+02
   8.0200000e+02
   8.0200000e+02
   8.0200000e+02
   8.0200000e+02
   8.0200000e+02
   7.8600000e+02
   7.8600000e+02
   7.7000000e+02
   7.2400000e+02
   7.7000000e+02
   7.7000000e+02
   7.8600000e+02
   7.8600000e+02
   6.8700000e+02
   6.8700000e+02
   6.8700000e+02
   6.7100000e+02
   6.7100000e+02
   6.8700000e+02
   6.8700000e+02
   7.4900000e+02
   7.4900000e+02
   7.6500000e+02
   8.2700000e+02
   8.7300000e+02
   8.7300000e+02
   8.7300000e+02
   8.7300000e+02
   8.7300000e+02
   8.7300000e+02
   8.2700000e+02
   8.2700000e+02
   8.4300000e+02
   8.4300000e+02
   9.0500000e+02
   7.0700000e+02
   7.0700000e+02
   7.0700000e+02
   7.0700000e+02
   6.6100000e+02
   6.6100000e+02
   6.7700000e+02
   6.7700000e+02
   6.7700000e+02
   6.7700000e+02
   6.7700000e+02
   6.7700000e+02
   6.7700000e+02
   6.6100000e+02
   7.0700000e+02
   7.0700000e+02
   6.0800000e+02
   6.0800000e+02
   6.0800000e+02
   6.5400000e+02
   7.0000000e+02
   7.0000000e+02
   7.0000000e+02
   7.4600000e+02
   7.4600000e+02
   7.9200000e+02
   8.0800000e+02
   8.0800000e+02
   8.0800000e+02
   8.0800000e+02
   8.0800000e+02
   8.5400000e+02
   8.5400000e+02
   8.5400000e+02
   8.5400000e+02
   8.5400000e+02
   8.5400000e+02
   9.0000000e+02
   9.0000000e+02
   9.0000000e+02
   9.0000000e+02
   9.0000000e+02
   8.5400000e+02
   8.5400000e+02
   8.5400000e+02
   8.5400000e+02
   8.5400000e+02
   8.5400000e+02
   8.5400000e+02
   8.5400000e+02
   8.5400000e+02
   8.5400000e+02
   8.7000000e+02
   8.7000000e+02
   8.8600000e+02
   9.4800000e+02
   9.4800000e+02
   9.4800000e+02
   9.4800000e+02
   9.4800000e+02
   9.0200000e+02
   9.0200000e+02
   9.0200000e+02
   9.0200000e+02
   9.4800000e+02
   9.6400000e+02
   9.6400000e+02
   1.0100000e+03
   1.0560000e+03
   1.0560000e+03
   1.0560000e+03
   1.0560000e+03
   1.0560000e+03
   1.0560000e+03
   1.0560000e+03
   1.1020000e+03
   1.1020000e+03
   1.1020000e+03
   1.1020000e+03
   1.1020000e+03
   1.1020000e+03
   1.1020000e+03
   1.0860000e+03
   1.0860000e+03
   1.0860000e+03
   1.0860000e+03
   1.0860000e+03
   1.0860000e+03
   1.0860000e+03
   1.0860000e+03
   1.1020000e+03
   1.0030000e+03
   1.0490000e+03
   1.0490000e+03
   1.0490000e+03
   1.0490000e+03
   1.0650000e+03
   1.0030000e+03
   9.5000000e+02
   9.5000000e+02
   9.5000000e+02
   9.0400000e+02
   9.0400000e+02
   9.0400000e+02
   9.0400000e+02
   9.0400000e+02
   9.0400000e+02
   9.0400000e+02
   9.0400000e+02
   8.8800000e+02
   8.8800000e+02
   8.4200000e+02
   9.4100000e+02
   8.9500000e+02
   8.9500000e+02
   8.9500000e+02
   8.9500000e+02
   8.9500000e+02
   8.9500000e+02
   8.9500000e+02
   8.9500000e+02
   8.9500000e+02
   8.9500000e+02
   8.9500000e+02
   8.9500000e+02
   8.9500000e+02
   8.9500000e+02
   8.9500000e+02
   8.9500000e+02
   9.1100000e+02
   8.1200000e+02
   8.1200000e+02
   8.1200000e+02
   8.2800000e+02
   8.9000000e+02
   8.9000000e+02
   8.9000000e+02
   8.9000000e+02
   8.9000000e+02
   8.9000000e+02
   8.9000000e+02
   8.9000000e+02
   9.2000000e+02
   9.3600000e+02
   9.2000000e+02
   8.5800000e+02
   8.5800000e+02
   8.5800000e+02
   8.5800000e+02
   8.5800000e+02
   8.5800000e+02
   8.5800000e+02
   8.5800000e+02
   8.5800000e+02
   8.5800000e+02
   9.0400000e+02
   9.5000000e+02
   9.3400000e+02
   9.3400000e+02
   8.8800000e+02
   8.8800000e+02
   8.2600000e+02
   8.7200000e+02
   8.7200000e+02
   8.7200000e+02
   8.7200000e+02
   8.7200000e+02
   8.7200000e+02
   8.7200000e+02
   8.7200000e+02
   8.5600000e+02
   8.5600000e+02
   8.5600000e+02
   9.0200000e+02
   9.0200000e+02
   9.0200000e+02
   9.0200000e+02
   9.0200000e+02
   9.0200000e+02
   9.0200000e+02
   9.0200000e+02
   9.0200000e+02
   9.0200000e+02
   9.0200000e+02
   9.0200000e+02
   9.0200000e+02
   9.4800000e+02
   9.4800000e+02
   9.4800000e+02
   9.3200000e+02
   9.3200000e+02
   9.4800000e+02
   9.9400000e+02
   9.9400000e+02
   9.1100000e+02
   9.5700000e+02
   9.5700000e+02
   9.7300000e+02
   1.0350000e+03
   1.0350000e+03
   1.0350000e+03
   1.0350000e+03
   1.0350000e+03
   9.8900000e+02
   9.7300000e+02
   9.2700000e+02
   9.2700000e+02
   8.8100000e+02
   8.8100000e+02
   8.8100000e+02
   8.8100000e+02
   8.8100000e+02
   9.2700000e+02
   9.2700000e+02
   9.2700000e+02
   9.2700000e+02
   9.2700000e+02
   9.2700000e+02
   9.5700000e+02
   1.0720000e+03
   1.0720000e+03
   1.0260000e+03
   1.0260000e+03
   9.6400000e+02
   9.6400000e+02
   9.6400000e+02
   9.6400000e+02
   9.6400000e+02
   9.0200000e+02
   9.4800000e+02
   9.4800000e+02
   9.4800000e+02
   9.4800000e+02
   9.4800000e+02
   9.4800000e+02
   9.4800000e+02
   9.4800000e+02
   9.3200000e+02
   9.3200000e+02
   8.8600000e+02
   9.8500000e+02
   9.8500000e+02
   9.8500000e+02
   8.8600000e+02
   8.8600000e+02
   8.8600000e+02
   9.3200000e+02
   9.3200000e+02
   9.3200000e+02
   9.4800000e+02
   9.4800000e+02
   9.6400000e+02
   9.6400000e+02
   8.1900000e+02
   8.1900000e+02
   8.1900000e+02
   8.1900000e+02
   8.6500000e+02
   8.6500000e+02
   8.1900000e+02
   8.1900000e+02
   8.1900000e+02
   8.1900000e+02
   8.1900000e+02
   8.6500000e+02
   8.6500000e+02
   8.6500000e+02
   7.6600000e+02
   7.0400000e+02
   7.2000000e+02
   7.2000000e+02
   7.2000000e+02
   7.0400000e+02
   6.5800000e+02
   7.1100000e+02
   7.2700000e+02
   7.2700000e+02
   7.2700000e+02
   7.7300000e+02
   7.7300000e+02
   7.7300000e+02
   7.7300000e+02
   8.1900000e+02
   8.1900000e+02
   7.7300000e+02
   8.1900000e+02
   8.1900000e+02
   8.6500000e+02
   8.6500000e+02
   8.6500000e+02
   8.1900000e+02
   8.1900000e+02
   8.6500000e+02
   8.6500000e+02
   8.6500000e+02
   8.8100000e+02
   8.8100000e+02
   8.8100000e+02
   8.8100000e+02
   8.3500000e+02
   8.3500000e+02
   8.3500000e+02
   8.3500000e+02
   8.1900000e+02
   8.1900000e+02
   8.0300000e+02
   7.5700000e+02
   8.5600000e+02
   8.5600000e+02
   8.5600000e+02
   8.5600000e+02
   8.4000000e+02
   8.4000000e+02
   7.7800000e+02
   7.7800000e+02
   7.3200000e+02
   7.3200000e+02
   7.3200000e+02
   7.3200000e+02
   7.1600000e+02
   7.1600000e+02
   7.1600000e+02
   7.0000000e+02
   7.9900000e+02
   7.9900000e+02
   7.9900000e+02
   8.4500000e+02
   8.4500000e+02
   8.4500000e+02
   8.4500000e+02
   8.4500000e+02
   8.4500000e+02
   8.4500000e+02
   9.4400000e+02
   9.4400000e+02
   8.8200000e+02
   8.8200000e+02
   8.8200000e+02
   8.8200000e+02
   9.2800000e+02
   9.2800000e+02
   8.6600000e+02
   8.8200000e+02
   8.8200000e+02
   8.8200000e+02
   8.8200000e+02
   8.8200000e+02
   8.8200000e+02
   9.2800000e+02
   9.2800000e+02
   9.7400000e+02
   9.7400000e+02
   9.7400000e+02
   9.7400000e+02
   9.7400000e+02
   9.7400000e+02
   9.7400000e+02
   9.7400000e+02
   9.7400000e+02
   9.7400000e+02
   9.5800000e+02
   9.5800000e+02
   9.5800000e+02
   9.5800000e+02
   9.1200000e+02
   9.1200000e+02
   9.5800000e+02
   9.5800000e+02
   9.5800000e+02
   9.4200000e+02
   1.1400000e+03
   1.1560000e+03
   1.1560000e+03
   1.1400000e+03
   1.1560000e+03
   1.1720000e+03
   1.1880000e+03
   1.2340000e+03
   1.2340000e+03
   1.2500000e+03
   1.2500000e+03
   1.2660000e+03
   1.2960000e+03
   1.3120000e+03
   1.3740000e+03
   1.3280000e+03
   1.3740000e+03
   1.4200000e+03
   1.4200000e+03
   1.5190000e+03
   1.5190000e+03
   1.4730000e+03
   1.4730000e+03
   1.5190000e+03
   1.4730000e+03
   1.4890000e+03
   1.5050000e+03
   1.5050000e+03
   1.5050000e+03
   1.4750000e+03
   1.5210000e+03
   1.4590000e+03
   1.4750000e+03
   1.5370000e+03
   1.4910000e+03
   1.5070000e+03
   1.4080000e+03
   1.4700000e+03
   1.4700000e+03
   1.4860000e+03
   1.4700000e+03
   1.6680000e+03
   1.6680000e+03
   1.6060000e+03
   1.6060000e+03
   1.6060000e+03
   1.6060000e+03
   1.6060000e+03
   1.6060000e+03
   1.6060000e+03
   1.6220000e+03
   1.5690000e+03
   1.5530000e+03
   1.5530000e+03
   1.6150000e+03
   1.6450000e+03
   1.6450000e+03
   1.5990000e+03
   1.5990000e+03
   1.5990000e+03
   1.5990000e+03
   1.5990000e+03
   1.5990000e+03
   1.5990000e+03
   1.5990000e+03
   1.6450000e+03
   1.6450000e+03
   1.6450000e+03
   1.5990000e+03
   1.5990000e+03
   1.5990000e+03
   1.5990000e+03
   1.6150000e+03
   1.6150000e+03
   1.6150000e+03
   1.6310000e+03
   1.6310000e+03
   1.6470000e+03
   1.6470000e+03
   1.7090000e+03
   1.6560000e+03
   1.6560000e+03
   1.6030000e+03
   1.6030000e+03
   1.6190000e+03
   1.6650000e+03
   1.6650000e+03
   1.6650000e+03
   1.6190000e+03
   1.6190000e+03
   1.6190000e+03
   1.6190000e+03
   1.6650000e+03
   1.6650000e+03
   1.6650000e+03
   1.6650000e+03
   1.6650000e+03
   1.7270000e+03
   1.7270000e+03
   1.7270000e+03
   1.7430000e+03
   1.7430000e+03
   1.7890000e+03
   1.7890000e+03
   1.7430000e+03
   1.6440000e+03
   1.6280000e+03
   1.5290000e+03
   1.6280000e+03
   1.6280000e+03
   1.6280000e+03
   1.6280000e+03
   1.6280000e+03
   1.6120000e+03
   1.6120000e+03
   1.5500000e+03
   1.5500000e+03
   1.5500000e+03
   1.4880000e+03
   1.4580000e+03
   1.4580000e+03
   1.5040000e+03
   1.5040000e+03
   1.5040000e+03
   1.5660000e+03
   1.6120000e+03
   1.6120000e+03
   1.6420000e+03
   1.6420000e+03
   1.5800000e+03
   1.7780000e+03
   1.7940000e+03
   1.7940000e+03
   1.7940000e+03
   1.7940000e+03
   1.7940000e+03
   1.7940000e+03
   1.7940000e+03
   1.8100000e+03
   1.8720000e+03
   1.8720000e+03
   1.8720000e+03
   1.8720000e+03
   1.8720000e+03
   1.8260000e+03
   1.8260000e+03
   1.9250000e+03
   1.9250000e+03
   1.9710000e+03
   1.9710000e+03
   1.9250000e+03
   1.9250000e+03
   1.9250000e+03
   1.8790000e+03
   1.8790000e+03
   1.8330000e+03
   1.8170000e+03
   1.8170000e+03
   1.8170000e+03
   1.8170000e+03
   1.8170000e+03
   1.8170000e+03
   1.8170000e+03
   1.8170000e+03
   1.8630000e+03
   1.8630000e+03
   1.9090000e+03
   1.8630000e+03
   1.8630000e+03
   1.8630000e+03
   1.8630000e+03
   1.8790000e+03
   1.9250000e+03
   1.9250000e+03
   1.9250000e+03
   1.9250000e+03
   1.9410000e+03
   1.9410000e+03
   1.9410000e+03
   1.9410000e+03
   1.9410000e+03
   1.9870000e+03
   1.9710000e+03
   2.0330000e+03
   2.0630000e+03
   2.0010000e+03
   2.0630000e+03
   2.0630000e+03
   2.1250000e+03
   2.1250000e+03
   2.1250000e+03
   2.1710000e+03
   2.1710000e+03
   2.1710000e+03
   2.1250000e+03
   2.1090000e+03
   2.1090000e+03
   2.0630000e+03
   2.0170000e+03
   2.0170000e+03
   2.0170000e+03
   2.0170000e+03
   2.0170000e+03
   2.0170000e+03
   2.0170000e+03
   1.9710000e+03
   1.9710000e+03
   1.9710000e+03
   1.9710000e+03
   1.9870000e+03
   1.9870000e+03
   1.9040000e+03
   1.8050000e+03
   1.8510000e+03
   1.8510000e+03
   1.8510000e+03
   1.8510000e+03
   1.8510000e+03
   1.8510000e+03
   1.8670000e+03
   1.8510000e+03
   1.9500000e+03
   1.9040000e+03
   1.9040000e+03
   1.9040000e+03
   1.9040000e+03
   1.8880000e+03
   1.8880000e+03
   1.9410000e+03
   1.9410000e+03
   1.9410000e+03
   1.9410000e+03
   1.9410000e+03
   1.9410000e+03
   1.9410000e+03
   1.9410000e+03
   1.9410000e+03
   1.9570000e+03
   1.9570000e+03
   2.0190000e+03
   2.0190000e+03
   2.0810000e+03
   2.0810000e+03
   2.1430000e+03
   2.1430000e+03
   2.1430000e+03
   2.1430000e+03
   2.1590000e+03
   2.1590000e+03
   2.2050000e+03
   2.2050000e+03
   2.2050000e+03
   2.2050000e+03
   2.2050000e+03
   2.2050000e+03
   2.2050000e+03
   2.2050000e+03
   2.2050000e+03
   2.2510000e+03
   2.2350000e+03
   2.3340000e+03
   2.3340000e+03
   2.3340000e+03
   2.3180000e+03
   2.2560000e+03
   2.2560000e+03
   2.2560000e+03
   2.2560000e+03
   2.2560000e+03
   2.2560000e+03
   2.2560000e+03
   2.2560000e+03
   2.2100000e+03
   2.1940000e+03
   2.1940000e+03
   2.1940000e+03
   2.1940000e+03
   2.1480000e+03
   2.1480000e+03
   2.1480000e+03
   2.1480000e+03
   2.1480000e+03
   2.1480000e+03
   2.1480000e+03
   2.1480000e+03
   2.1020000e+03
   2.0560000e+03
   2.1020000e+03
   2.1020000e+03
   2.1020000e+03
   2.1020000e+03
   2.1020000e+03
   2.0560000e+03
   2.0560000e+03
   2.0560000e+03
   2.0720000e+03
   1.9730000e+03
   1.9730000e+03
   1.9730000e+03
   2.0190000e+03
   2.0190000e+03
   1.9360000e+03
   1.9360000e+03
   1.8900000e+03
   1.8900000e+03
   1.8900000e+03
   1.8900000e+03
   1.8900000e+03
   1.8900000e+03
   1.8900000e+03
   1.9360000e+03
   1.9360000e+03
   1.9820000e+03
   1.9820000e+03
   1.9820000e+03
   1.9820000e+03
   1.9360000e+03
   1.9360000e+03
   1.9360000e+03
   1.9360000e+03
   1.9360000e+03
   1.9360000e+03
   1.8900000e+03
   1.7910000e+03
   1.8740000e+03
   1.7750000e+03
   1.7750000e+03
   1.8050000e+03
   1.7430000e+03
   1.8050000e+03
   1.8050000e+03
   1.8510000e+03
   1.8510000e+03
   1.8510000e+03
   1.8510000e+03
   1.8970000e+03
   1.8970000e+03
   1.9130000e+03
   1.9590000e+03
   1.9590000e+03
   2.0210000e+03
   2.0210000e+03
   1.9750000e+03
   1.9750000e+03
   2.0210000e+03
   2.0210000e+03
   2.0210000e+03
   2.0210000e+03
   1.9750000e+03
   1.9590000e+03
   1.9590000e+03
   1.9430000e+03
   1.9430000e+03
   1.9430000e+03
   1.9430000e+03
   1.9430000e+03
   1.9430000e+03
   1.9430000e+03
   1.9430000e+03
   1.8970000e+03
   1.9590000e+03
   1.9590000e+03
   1.9590000e+03
   1.9590000e+03
   1.9590000e+03
   1.9590000e+03
   1.9590000e+03
   1.9590000e+03
   1.9590000e+03
   1.9430000e+03
   1.9430000e+03
   1.9430000e+03
   1.9590000e+03
   1.9590000e+03
   1.9750000e+03
   1.9750000e+03
   1.9750000e+03
   1.9750000e+03
   1.9750000e+03
   1.9590000e+03
   1.9590000e+03
   1.9430000e+03
   1.9430000e+03
   2.0420000e+03
   2.1040000e+03
   2.1040000e+03
   2.1500000e+03
   2.1500000e+03
   2.1500000e+03
   2.1660000e+03
   2.1660000e+03
   2.2280000e+03
   2.1290000e+03
   2.1290000e+03
   2.0830000e+03
   2.0830000e+03
   2.0670000e+03
   2.1660000e+03
   2.2120000e+03
   2.1500000e+03
   2.1500000e+03
   2.1340000e+03
   2.1500000e+03
   2.1500000e+03
   2.0510000e+03
   2.0350000e+03
   2.0350000e+03
   2.0350000e+03
   1.9890000e+03
   2.0050000e+03
   2.0050000e+03
   2.0050000e+03
   1.9590000e+03
   2.0210000e+03
   2.0670000e+03
   1.8230000e+03
   1.8230000e+03
   1.7770000e+03
   1.7770000e+03
   1.7770000e+03
   1.7770000e+03
   1.7770000e+03
   1.7310000e+03
   1.7310000e+03
   1.7310000e+03
   1.7150000e+03
   1.7150000e+03
   1.7150000e+03
   1.7150000e+03
   1.7150000e+03
   1.7150000e+03
   1.7150000e+03
   1.7310000e+03
   1.7310000e+03
   1.7310000e+03
   1.7470000e+03
   1.6480000e+03
   1.6480000e+03
   1.6480000e+03
   1.6480000e+03
   1.6480000e+03
   1.6480000e+03
   1.6940000e+03
   1.6940000e+03
   1.6940000e+03
   1.7400000e+03
   1.7400000e+03
   1.7400000e+03
   1.7400000e+03
   1.7400000e+03
   1.7560000e+03
   1.7560000e+03
   1.8020000e+03
   1.8020000e+03
   1.8180000e+03
   1.8340000e+03
   1.8340000e+03
   1.8340000e+03
   1.8340000e+03
   1.8340000e+03
   1.8340000e+03
   1.8340000e+03
   1.8800000e+03
   1.8800000e+03
   1.8800000e+03
   1.8800000e+03
   1.8800000e+03
   1.8800000e+03
   1.8800000e+03
   1.8340000e+03
   1.8340000e+03
   1.8340000e+03
   1.8180000e+03
   1.8340000e+03
   1.8800000e+03
   1.8800000e+03
   1.8800000e+03
   1.9260000e+03
   1.8800000e+03
   1.8800000e+03
   1.8340000e+03
   1.8340000e+03
   1.8340000e+03
   1.8340000e+03
   1.8340000e+03
   1.8800000e+03
   1.8800000e+03
   1.9260000e+03
   1.9260000e+03
   1.9420000e+03
   1.8430000e+03
   1.8590000e+03
   1.8590000e+03
   1.8750000e+03
   1.9370000e+03
   1.9370000e+03
   1.9070000e+03
   1.9690000e+03
   1.9690000e+03
   1.9690000e+03
   1.9690000e+03
   1.9530000e+03
   1.9530000e+03
   1.9530000e+03
   1.9370000e+03
   1.9210000e+03
   1.9050000e+03
   1.8590000e+03
   1.9050000e+03
   1.8890000e+03
   1.9050000e+03
   1.9050000e+03
   1.9210000e+03
   1.9050000e+03
   1.8430000e+03
   1.8430000e+03
   1.8430000e+03
   1.7970000e+03
   1.7970000e+03
   1.7970000e+03
   1.7970000e+03
   1.7970000e+03
   1.7970000e+03
   1.7350000e+03
   1.7350000e+03
   1.7190000e+03
   1.7030000e+03
   1.6410000e+03
   1.6250000e+03
   1.6090000e+03
   1.6250000e+03
   1.6870000e+03
   1.6710000e+03
   1.5260000e+03
   1.4270000e+03
   1.2660000e+03
   1.3810000e+03
   1.3650000e+03
   1.3650000e+03
   1.3650000e+03
   1.3650000e+03
   1.3810000e+03
   1.4270000e+03
   1.4270000e+03
   1.4270000e+03
   1.4270000e+03
   1.4270000e+03
   1.4270000e+03
   1.4270000e+03
   1.4270000e+03
   1.4110000e+03
   1.4640000e+03
   1.4640000e+03
   1.4640000e+03
   1.4020000e+03
   1.3560000e+03
   1.3560000e+03
   1.4180000e+03
   1.4180000e+03
   1.4180000e+03
   1.4180000e+03
   1.4180000e+03
   1.4180000e+03
   1.4180000e+03
   1.4180000e+03
   1.3720000e+03
   1.3720000e+03
   1.3560000e+03
   1.3560000e+03
   1.3560000e+03
   1.3100000e+03
   1.3100000e+03
   1.2940000e+03
   1.2940000e+03
   1.3400000e+03
   1.3700000e+03
   1.3700000e+03
   1.3540000e+03
   1.3540000e+03
   1.2920000e+03
   1.3450000e+03
   1.3450000e+03
   1.3980000e+03
   1.3980000e+03
   1.3820000e+03
   1.3360000e+03
   1.3520000e+03
   1.3520000e+03
   1.3980000e+03
   1.4440000e+03
   1.4600000e+03
   1.4600000e+03
   1.4140000e+03
   1.4140000e+03
   1.4140000e+03
   1.4140000e+03
   1.4140000e+03
   1.3520000e+03
   1.3520000e+03
   1.3520000e+03
   1.3360000e+03
   1.3520000e+03
   1.3060000e+03
   1.3520000e+03
   1.3520000e+03
   1.4510000e+03
   1.4970000e+03
   1.5960000e+03
   1.5960000e+03
   1.5960000e+03
   1.5960000e+03
   1.5960000e+03
   1.6420000e+03
   1.6420000e+03
   1.6420000e+03
   1.6880000e+03
   1.6880000e+03
   1.6880000e+03
   1.6880000e+03
   1.6720000e+03
   1.6720000e+03
   1.6260000e+03
   1.6260000e+03
   1.6260000e+03
   1.5640000e+03
   1.5180000e+03
   1.5180000e+03
   1.4720000e+03
   1.4720000e+03
   1.4720000e+03
   1.4720000e+03
   1.4560000e+03
   1.4560000e+03
   1.4560000e+03
   1.4560000e+03
   1.4560000e+03
   1.4400000e+03
   1.4400000e+03
   1.4240000e+03
   1.3620000e+03
   1.3620000e+03
   1.3620000e+03
   1.3780000e+03
   1.3780000e+03
   1.3250000e+03
   1.3410000e+03
   1.4030000e+03
   1.4030000e+03
   1.3570000e+03
   1.3110000e+03
   1.3110000e+03
   1.3570000e+03
   1.3570000e+03
   1.3570000e+03
   1.3730000e+03
   1.3730000e+03
   1.4190000e+03
   1.4190000e+03
   1.4190000e+03
   1.4190000e+03
   1.4190000e+03
   1.3730000e+03
   1.3890000e+03
   1.3890000e+03
   1.3430000e+03
   1.3430000e+03
   1.3430000e+03
   1.3590000e+03
   1.4050000e+03
   1.4050000e+03
   1.4670000e+03
   1.4510000e+03
   1.4510000e+03
   1.4510000e+03
   1.4510000e+03
   1.4510000e+03
   1.4350000e+03
   1.4350000e+03
   1.4350000e+03
   1.4350000e+03
   1.4350000e+03
   1.4050000e+03
   1.4050000e+03
   1.3430000e+03
   1.2970000e+03
   1.2970000e+03
   1.2350000e+03
   1.2350000e+03
   1.1730000e+03
   1.1730000e+03
   1.1730000e+03
   1.1270000e+03
   1.1270000e+03
   1.1270000e+03
   1.1270000e+03
   1.1270000e+03
   1.1270000e+03
   1.1270000e+03
   1.1270000e+03
   1.1270000e+03
   1.1270000e+03
   1.1270000e+03
   1.1270000e+03
   1.1270000e+03
   1.1270000e+03
   1.1270000e+03
   1.1270000e+03
   1.1270000e+03
   1.1270000e+03
   1.1110000e+03
   1.1270000e+03
   1.1110000e+03
   1.2720000e+03
   1.2260000e+03
   1.2880000e+03
   1.2880000e+03
   1.2880000e+03
   1.3500000e+03
   1.3500000e+03
   1.3500000e+03
   1.4120000e+03
   1.4120000e+03
   1.4120000e+03
   1.4580000e+03
   1.4580000e+03
   1.4580000e+03
   1.4580000e+03
   1.4580000e+03
   1.4580000e+03
   1.4580000e+03
   1.4580000e+03
   1.4580000e+03
   1.4580000e+03
   1.5040000e+03
   1.5040000e+03
   1.5040000e+03
   1.5040000e+03
   1.4880000e+03
   1.4880000e+03
   1.4260000e+03
   1.4260000e+03
   1.3640000e+03
   1.4100000e+03
   1.3480000e+03
   1.3640000e+03
   1.3640000e+03
   1.3640000e+03
   1.3480000e+03
   1.3940000e+03
   1.4100000e+03
   1.4100000e+03
   1.4560000e+03
   1.4560000e+03
   1.5180000e+03
   1.5180000e+03
   1.5800000e+03
   1.4810000e+03
   1.4810000e+03
   1.4350000e+03
   1.4350000e+03
   1.4810000e+03
   1.4810000e+03
   1.4810000e+03
   1.4970000e+03
   1.4970000e+03
   1.4970000e+03
   1.4970000e+03
   1.4970000e+03
   1.4970000e+03
   1.4970000e+03
   1.4970000e+03
   1.4970000e+03
   1.4970000e+03
   1.4970000e+03
   1.4970000e+03
   1.4970000e+03
   1.4970000e+03
   1.4970000e+03
   1.4970000e+03
   1.4970000e+03
   1.4970000e+03
   1.4970000e+03
   1.5590000e+03
   1.5590000e+03
   1.5750000e+03
   1.6370000e+03
   1.6370000e+03
   1.5910000e+03
   1.5910000e+03
   1.5910000e+03
   1.5910000e+03
   1.5910000e+03
   1.5910000e+03
   1.5910000e+03
   1.5910000e+03
   1.5750000e+03
   1.6740000e+03
   1.7200000e+03
   1.7360000e+03
   1.7360000e+03
   1.7360000e+03
   1.8190000e+03
   1.8190000e+03
   1.8190000e+03
   1.8190000e+03
   1.8190000e+03
   1.8190000e+03
   1.8190000e+03
   1.8190000e+03
   1.8350000e+03
   1.7890000e+03
   1.8510000e+03
   1.8050000e+03
   1.8670000e+03
   1.8670000e+03
   1.8670000e+03
   1.8670000e+03
   1.8670000e+03
   1.8830000e+03
   1.8830000e+03
   1.8830000e+03
   1.8670000e+03
   1.8670000e+03
   1.9820000e+03
   1.9820000e+03
   2.0350000e+03
   2.0810000e+03
   2.0350000e+03
   2.0350000e+03
   1.9730000e+03
   1.9730000e+03
   1.9270000e+03
   1.9270000e+03
   1.9270000e+03
   1.9270000e+03
   1.8810000e+03
   1.9430000e+03
   1.9730000e+03
   1.9270000e+03
   1.9730000e+03
   1.9110000e+03
   1.9110000e+03
   1.9110000e+03
   1.9110000e+03
   1.8650000e+03
   1.8650000e+03
   1.8650000e+03
   1.8650000e+03
   1.8650000e+03
   1.9110000e+03
   1.9110000e+03
   1.9110000e+03
   1.9110000e+03
   1.9110000e+03
   1.9110000e+03
   1.9570000e+03
   1.9570000e+03
   1.9570000e+03
   1.9570000e+03
   1.9570000e+03
   1.8950000e+03
   1.8950000e+03
   1.8950000e+03
   1.8950000e+03
   1.8950000e+03
   1.8950000e+03
   1.8950000e+03
   1.8950000e+03
   1.8950000e+03
   1.9410000e+03
   1.9410000e+03
   1.9410000e+03
   1.9250000e+03
   2.0240000e+03
   2.0080000e+03
   2.0080000e+03
   1.9620000e+03
   1.9620000e+03
   1.9620000e+03
   1.9620000e+03
   1.9620000e+03
   1.9620000e+03
   1.9620000e+03
   1.9620000e+03
   1.9000000e+03
   1.9000000e+03
   1.8540000e+03
   1.8080000e+03
   1.8080000e+03
   1.7920000e+03
   1.8380000e+03
   1.7920000e+03
   1.8910000e+03
   1.9530000e+03
   1.9530000e+03
   1.9530000e+03
   1.9530000e+03
   1.9530000e+03
   1.9070000e+03
   1.9070000e+03
   1.9070000e+03
   1.9070000e+03
   1.9530000e+03
   1.8540000e+03
   1.9530000e+03
   1.9530000e+03
   1.9530000e+03
   1.9530000e+03
   1.9530000e+03
   1.9370000e+03
   1.9370000e+03
   1.9370000e+03
   1.9370000e+03
   1.8750000e+03
   1.8290000e+03
   2.0730000e+03
   2.0730000e+03
   2.0730000e+03
   2.0730000e+03
   2.0730000e+03
   2.0730000e+03
   2.0730000e+03
   2.0890000e+03
   2.1350000e+03
   2.0820000e+03
   2.0820000e+03
   2.0820000e+03
   2.0820000e+03
   2.0820000e+03
   2.0820000e+03
   2.0820000e+03
   2.0980000e+03
   2.0820000e+03
   2.0820000e+03
   2.0820000e+03
   2.0660000e+03
   2.1650000e+03
   2.1650000e+03
   2.1650000e+03
   2.1650000e+03
   2.1650000e+03
   2.1650000e+03
   2.1650000e+03
   2.1650000e+03
   2.1650000e+03
   2.1190000e+03
   2.1190000e+03
   2.1350000e+03
   2.1350000e+03
   2.1510000e+03
   2.1810000e+03
   2.1810000e+03
   2.1350000e+03
   2.1350000e+03
   2.1190000e+03
   2.1030000e+03
   2.0570000e+03
   2.0570000e+03
   2.0570000e+03
   2.0570000e+03
   2.0570000e+03
   2.0570000e+03
   2.0110000e+03
   2.0110000e+03
   2.0110000e+03
   2.0110000e+03
   2.0110000e+03
   2.0110000e+03
   2.0110000e+03
   2.0570000e+03
   2.0570000e+03
   2.0570000e+03
   2.0570000e+03
   2.0410000e+03
   1.9950000e+03
   1.9950000e+03
   1.9950000e+03
   1.9490000e+03
   1.9490000e+03
   1.9490000e+03
   1.9490000e+03
   1.9490000e+03
   1.9490000e+03
   1.9490000e+03
   1.9490000e+03
   1.9030000e+03
   1.9030000e+03
   1.8570000e+03
   1.8570000e+03
   1.8410000e+03
   1.9400000e+03
   1.9240000e+03
   1.9240000e+03
   1.9080000e+03
   1.8460000e+03
   1.8460000e+03
   1.8300000e+03
   1.7680000e+03
   1.7680000e+03
   1.7680000e+03
   1.7680000e+03
   1.7680000e+03
   1.7680000e+03
   1.7680000e+03
   1.7680000e+03
   1.7680000e+03
   1.8140000e+03
   1.8300000e+03
   1.8300000e+03
   1.8300000e+03
   1.8140000e+03
   1.8140000e+03
   1.7680000e+03
   1.7680000e+03
   1.7680000e+03
   1.8300000e+03
   1.7840000e+03
   1.8460000e+03
   1.8920000e+03
   1.8920000e+03
