   1.0709000e+04
   1.0808000e+04
   1.0808000e+04
   1.0854000e+04
   1.0854000e+04
   1.0900000e+04
   1.0900000e+04
   1.0900000e+04
   1.0900000e+04
   1.0900000e+04
   1.0854000e+04
   1.0854000e+04
   1.0900000e+04
   1.0946000e+04
   1.0946000e+04
   1.0900000e+04
   1.0900000e+04
   1.0838000e+04
   1.0838000e+04
   1.0983000e+04
   1.1029000e+04
   1.1029000e+04
   1.1128000e+04
   1.1128000e+04
   1.1128000e+04
   1.1128000e+04
   1.1144000e+04
   1.1045000e+04
   1.0916000e+04
   1.0870000e+04
   1.0854000e+04
   1.0709000e+04
   1.0709000e+04
   1.0709000e+04
   1.0663000e+04
   1.0709000e+04
   1.0709000e+04
   1.0709000e+04
   1.0663000e+04
   1.0709000e+04
   1.0663000e+04
   1.0709000e+04
   1.0693000e+04
   1.0693000e+04
   1.0723000e+04
   1.0723000e+04
   1.0739000e+04
   1.0739000e+04
   1.0785000e+04
   1.0739000e+04
   1.0739000e+04
   1.0739000e+04
   1.0739000e+04
   1.0693000e+04
   1.0647000e+04
   1.0693000e+04
   1.0647000e+04
   1.0693000e+04
   1.0647000e+04
   1.0693000e+04
   1.0739000e+04
   1.0739000e+04
   1.0693000e+04
   1.0647000e+04
   1.0601000e+04
   1.0601000e+04
   1.0601000e+04
   1.0601000e+04
   1.0571000e+04
   1.0410000e+04
   1.0410000e+04
   1.0410000e+04
   1.0426000e+04
   1.0472000e+04
   1.0426000e+04
   1.0380000e+04
   1.0380000e+04
   1.0426000e+04
   1.0426000e+04
   1.0380000e+04
   1.0380000e+04
   1.0334000e+04
   1.0334000e+04
   1.0334000e+04
   1.0334000e+04
   1.0318000e+04
   1.0318000e+04
   1.0318000e+04
   1.0417000e+04
   1.0417000e+04
   1.0417000e+04
   1.0371000e+04
   1.0371000e+04
   1.0371000e+04
   1.0325000e+04
   1.0325000e+04
   1.0325000e+04
   1.0325000e+04
   1.0325000e+04
   1.0371000e+04
   1.0371000e+04
   1.0371000e+04
   1.0371000e+04
   1.0417000e+04
   1.0355000e+04
   1.0371000e+04
   1.0371000e+04
   1.0371000e+04
   1.0433000e+04
   1.0433000e+04
   1.0334000e+04
   1.0288000e+04
   1.0242000e+04
   1.0288000e+04
   1.0334000e+04
   1.0288000e+04
   1.0288000e+04
   1.0226000e+04
   1.0325000e+04
   1.0470000e+04
   1.0516000e+04
   1.0516000e+04
   1.0516000e+04
   1.0516000e+04
   1.0470000e+04
   1.0569000e+04
   1.0523000e+04
   1.0477000e+04
   1.0477000e+04
   1.0523000e+04
   1.0477000e+04
   1.0431000e+04
   1.0385000e+04
   1.0431000e+04
   1.0431000e+04
   1.0431000e+04
   1.0286000e+04
   1.0286000e+04
   1.0240000e+04
   1.0286000e+04
   1.0240000e+04
   1.0194000e+04
   1.0194000e+04
   1.0240000e+04
   1.0194000e+04
   1.0210000e+04
   1.0164000e+04
   1.0180000e+04
   1.0019000e+04
   1.0065000e+04
   9.9040000e+03
   9.9500000e+03
   9.9040000e+03
   9.8580000e+03
   9.8580000e+03
   9.8880000e+03
   9.8880000e+03
   9.8420000e+03
   9.8420000e+03
   9.8880000e+03
   9.8880000e+03
   9.8880000e+03
   9.8880000e+03
   9.8880000e+03
   9.7430000e+03
   9.6970000e+03
   9.6970000e+03
   9.6510000e+03
   9.6510000e+03
   9.6970000e+03
   9.6970000e+03
   9.6510000e+03
   9.6970000e+03
   9.6970000e+03
   9.7430000e+03
   9.7430000e+03
   9.7890000e+03
   9.8350000e+03
   9.7890000e+03
   9.7890000e+03
   9.8350000e+03
   9.8350000e+03
   9.8810000e+03
   9.8810000e+03
   9.9270000e+03
   9.8810000e+03
   9.8810000e+03
   9.8350000e+03
   9.7890000e+03
   9.7890000e+03
   9.7890000e+03
   9.7890000e+03
   9.7890000e+03
   9.8350000e+03
   9.8350000e+03
   9.8350000e+03
   9.8350000e+03
   9.7890000e+03
   9.8350000e+03
   9.7890000e+03
   9.7590000e+03
   9.6140000e+03
   9.6140000e+03
   9.5680000e+03
   9.5680000e+03
   9.5220000e+03
   9.5680000e+03
   9.5220000e+03
   9.5680000e+03
   9.5680000e+03
   9.5680000e+03
   9.5680000e+03
   9.6140000e+03
   9.6140000e+03
   9.6140000e+03
   9.6600000e+03
   9.6600000e+03
   9.6140000e+03
   9.6600000e+03
   9.6140000e+03
   9.6140000e+03
   9.5680000e+03
   9.5680000e+03
   9.5680000e+03
   9.6140000e+03
   9.6140000e+03
   9.6140000e+03
   9.6140000e+03
   9.6600000e+03
   9.7220000e+03
   9.6690000e+03
   9.6690000e+03
   9.6690000e+03
   9.6390000e+03
   9.5930000e+03
   9.6390000e+03
   9.6390000e+03
   9.5930000e+03
   9.5470000e+03
   9.5930000e+03
   9.6390000e+03
   9.6390000e+03
   9.5930000e+03
   9.5470000e+03
   9.5930000e+03
   9.6090000e+03
   9.6090000e+03
   9.6550000e+03
   9.5930000e+03
   9.5930000e+03
   9.5930000e+03
   9.5770000e+03
   9.5770000e+03
   9.6760000e+03
   9.6920000e+03
   9.6920000e+03
   9.7380000e+03
   9.7380000e+03
   9.7380000e+03
   9.6920000e+03
   9.6760000e+03
   9.8210000e+03
   9.7750000e+03
   9.7750000e+03
   9.7590000e+03
   9.7590000e+03
   9.7590000e+03
   9.7590000e+03
   9.7590000e+03
   9.7130000e+03
   9.7590000e+03
   9.7130000e+03
   9.7130000e+03
   9.7130000e+03
   9.7590000e+03
   9.8050000e+03
   9.8050000e+03
   9.8670000e+03
   9.8670000e+03
   9.8210000e+03
   9.8050000e+03
   9.9500000e+03
   1.0065000e+04
   9.9660000e+03
   9.9130000e+03
   9.7680000e+03
   9.7220000e+03
   9.7220000e+03
   9.7220000e+03
   9.7220000e+03
   9.7220000e+03
   9.6760000e+03
   9.6760000e+03
   9.6300000e+03
   9.6300000e+03
   9.6760000e+03
   9.6600000e+03
   9.6600000e+03
   9.8050000e+03
   9.8050000e+03
   9.8510000e+03
   9.8970000e+03
   9.9430000e+03
   9.9890000e+03
   1.0035000e+04
   9.9890000e+03
   9.9890000e+03
   1.0035000e+04
   1.0035000e+04
   1.0035000e+04
   1.0035000e+04
   1.0035000e+04
   1.0035000e+04
   1.0019000e+04
   1.0019000e+04
   1.0065000e+04
   1.0065000e+04
   1.0111000e+04
   1.0111000e+04
   1.0371000e+04
   1.0371000e+04
   1.0371000e+04
   1.0371000e+04
   1.0371000e+04
   1.0371000e+04
   1.0371000e+04
   1.0417000e+04
   1.0417000e+04
   1.0371000e+04
   1.0325000e+04
   1.0325000e+04
   1.0325000e+04
   1.0325000e+04
   1.0279000e+04
   1.0279000e+04
   1.0325000e+04
   1.0371000e+04
   1.0417000e+04
   1.0417000e+04
   1.0371000e+04
   1.0417000e+04
   1.0463000e+04
   1.0417000e+04
   1.0417000e+04
   1.0447000e+04
   1.0447000e+04
   1.0463000e+04
   1.0509000e+04
   1.0555000e+04
   1.0555000e+04
   1.0571000e+04
   1.0571000e+04
   1.0587000e+04
   1.0587000e+04
   1.0541000e+04
   1.0495000e+04
   1.0541000e+04
   1.0541000e+04
   1.0587000e+04
   1.0587000e+04
   1.0587000e+04
   1.0633000e+04
   1.0587000e+04
   1.0587000e+04
   1.0633000e+04
   1.0679000e+04
   1.0633000e+04
   1.0695000e+04
   1.0695000e+04
   1.0695000e+04
   1.0741000e+04
   1.0596000e+04
   1.0550000e+04
   1.0550000e+04
   1.0504000e+04
   1.0458000e+04
   1.0504000e+04
   1.0504000e+04
   1.0458000e+04
   1.0458000e+04
   1.0458000e+04
   1.0474000e+04
   1.0428000e+04
   1.0474000e+04
   1.0375000e+04
   1.0329000e+04
   1.0283000e+04
   1.0283000e+04
   1.0237000e+04
   1.0253000e+04
   1.0253000e+04
   1.0253000e+04
   1.0299000e+04
   1.0299000e+04
   1.0345000e+04
   1.0391000e+04
   1.0437000e+04
   1.0437000e+04
   1.0437000e+04
   1.0437000e+04
   1.0437000e+04
   1.0437000e+04
   1.0483000e+04
   1.0483000e+04
   1.0483000e+04
   1.0483000e+04
   1.0483000e+04
   1.0437000e+04
   1.0437000e+04
   1.0437000e+04
   1.0421000e+04
   1.0520000e+04
   1.0566000e+04
   1.0520000e+04
   1.0520000e+04
   1.0458000e+04
   1.0412000e+04
   1.0474000e+04
   1.0428000e+04
   1.0382000e+04
   1.0283000e+04
   1.0329000e+04
   1.0375000e+04
   1.0329000e+04
   1.0283000e+04
   1.0283000e+04
   1.0237000e+04
   1.0253000e+04
   1.0207000e+04
   1.0207000e+04
   1.0253000e+04
   1.0253000e+04
   1.0253000e+04
   1.0207000e+04
   1.0207000e+04
   1.0269000e+04
   1.0124000e+04
   1.0025000e+04
   1.0025000e+04
   1.0025000e+04
   1.0025000e+04
   1.0009000e+04
   1.0009000e+04
   1.0009000e+04
   1.0025000e+04
   9.9260000e+03
   9.7810000e+03
   9.6360000e+03
   9.6360000e+03
   9.6360000e+03
   9.5900000e+03
   9.6200000e+03
   9.7190000e+03
   9.7190000e+03
   9.6730000e+03
   9.6270000e+03
   9.6570000e+03
   9.6110000e+03
   9.7560000e+03
   9.7100000e+03
   9.7560000e+03
   9.8020000e+03
   9.8020000e+03
   9.8020000e+03
   9.8480000e+03
   9.8020000e+03
   9.8020000e+03
   9.7560000e+03
   9.7100000e+03
   9.7560000e+03
   9.7560000e+03
   9.6940000e+03
   9.7400000e+03
   9.7860000e+03
   9.8480000e+03
   9.8480000e+03
   9.8480000e+03
   9.8940000e+03
   9.8480000e+03
   9.8180000e+03
   9.8180000e+03
   9.8180000e+03
   9.8180000e+03
   9.8340000e+03
   9.8340000e+03
   9.8340000e+03
   9.7720000e+03
   9.7720000e+03
   9.7720000e+03
   9.7720000e+03
   9.7420000e+03
   9.6430000e+03
   9.6130000e+03
   9.6130000e+03
   9.6590000e+03
   9.6590000e+03
   9.6130000e+03
   9.6590000e+03
   9.7050000e+03
   9.6890000e+03
   9.8340000e+03
   9.8800000e+03
   9.9260000e+03
   9.8800000e+03
   9.8800000e+03
   9.8800000e+03
   9.9260000e+03
   9.8800000e+03
   9.8340000e+03
   9.8340000e+03
   9.8340000e+03
   9.8340000e+03
   9.7880000e+03
   9.7880000e+03
   9.7880000e+03
   9.8340000e+03
   9.8340000e+03
   9.8800000e+03
   9.8800000e+03
   9.8500000e+03
   9.8500000e+03
   9.8040000e+03
   9.8040000e+03
   9.8040000e+03
   9.7580000e+03
   9.8040000e+03
   9.8340000e+03
   9.9790000e+03
   1.0062000e+04
   1.0062000e+04
   1.0062000e+04
   1.0207000e+04
   1.0161000e+04
   1.0207000e+04
   1.0269000e+04
   1.0223000e+04
   1.0223000e+04
   1.0239000e+04
   1.0239000e+04
   1.0193000e+04
   1.0209000e+04
   1.0209000e+04
   1.0209000e+04
   1.0209000e+04
   1.0163000e+04
   1.0163000e+04
   1.0147000e+04
   1.0101000e+04
   1.0101000e+04
   1.0147000e+04
   1.0147000e+04
   1.0193000e+04
   1.0193000e+04
   1.0193000e+04
   1.0239000e+04
   1.0239000e+04
   1.0285000e+04
   1.0239000e+04
   1.0239000e+04
   1.0193000e+04
   1.0193000e+04
   1.0193000e+04
   1.0193000e+04
   1.0239000e+04
   1.0285000e+04
   1.0331000e+04
   1.0331000e+04
   1.0331000e+04
   1.0315000e+04
   1.0414000e+04
   1.0414000e+04
   1.0368000e+04
   1.0352000e+04
   1.0306000e+04
   1.0352000e+04
   1.0352000e+04
   1.0306000e+04
   1.0306000e+04
   1.0306000e+04
   1.0352000e+04
   1.0352000e+04
   1.0398000e+04
   1.0398000e+04
   1.0352000e+04
   1.0306000e+04
   1.0306000e+04
   1.0352000e+04
   1.0322000e+04
   1.0269000e+04
   1.0223000e+04
   1.0078000e+04
   1.0124000e+04
   1.0170000e+04
   1.0170000e+04
   1.0170000e+04
   1.0170000e+04
   1.0124000e+04
   1.0124000e+04
   1.0108000e+04
   1.0108000e+04
   1.0108000e+04
   1.0108000e+04
   1.0062000e+04
   1.0062000e+04
   1.0108000e+04
   1.0046000e+04
   1.0145000e+04
   1.0145000e+04
   1.0083000e+04
   1.0083000e+04
   1.0182000e+04
   1.0244000e+04
   1.0290000e+04
   1.0290000e+04
   1.0244000e+04
   1.0290000e+04
   1.0244000e+04
   1.0290000e+04
   1.0336000e+04
   1.0336000e+04
   1.0290000e+04
   1.0336000e+04
   1.0336000e+04
   1.0336000e+04
   1.0336000e+04
   1.0382000e+04
   1.0382000e+04
   1.0428000e+04
   1.0444000e+04
   1.0382000e+04
   1.0444000e+04
   1.0490000e+04
   1.0391000e+04
   1.0345000e+04
   1.0407000e+04
   1.0361000e+04
   1.0506000e+04
   1.0460000e+04
   1.0460000e+04
   1.0414000e+04
   1.0460000e+04
   1.0460000e+04
   1.0476000e+04
   1.0331000e+04
   1.0232000e+04
   1.0216000e+04
   1.0262000e+04
   1.0246000e+04
   1.0345000e+04
   1.0345000e+04
   1.0490000e+04
   1.0490000e+04
   1.0490000e+04
   1.0536000e+04
   1.0536000e+04
   1.0490000e+04
   1.0490000e+04
   1.0490000e+04
   1.0536000e+04
   1.0520000e+04
   1.0566000e+04
   1.0566000e+04
   1.0520000e+04
   1.0520000e+04
   1.0665000e+04
   1.0711000e+04
   1.0757000e+04
   1.0757000e+04
   1.0803000e+04
   1.0757000e+04
   1.0757000e+04
   1.0757000e+04
   1.0711000e+04
   1.0665000e+04
   1.0665000e+04
   1.0665000e+04
   1.0665000e+04
   1.0619000e+04
   1.0681000e+04
   1.0681000e+04
   1.0681000e+04
   1.0635000e+04
   1.0589000e+04
   1.0543000e+04
   1.0497000e+04
   1.0543000e+04
   1.0444000e+04
   1.0444000e+04
   1.0391000e+04
   1.0246000e+04
   1.0246000e+04
   1.0200000e+04
   1.0200000e+04
   1.0200000e+04
   1.0200000e+04
   1.0200000e+04
   1.0154000e+04
   1.0170000e+04
   1.0124000e+04
   1.0170000e+04
   1.0154000e+04
   1.0299000e+04
   1.0345000e+04
   1.0345000e+04
   1.0299000e+04
   1.0315000e+04
   1.0269000e+04
   1.0315000e+04
   1.0269000e+04
   1.0315000e+04
   1.0315000e+04
   1.0315000e+04
   1.0315000e+04
   1.0331000e+04
   1.0186000e+04
   1.0140000e+04
   1.0140000e+04
   1.0156000e+04
   1.0011000e+04
   1.0011000e+04
   1.0057000e+04
   1.0103000e+04
   1.0103000e+04
   1.0103000e+04
   1.0057000e+04
   1.0011000e+04
   9.9650000e+03
   9.9650000e+03
   9.9190000e+03
   9.9030000e+03
   1.0002000e+04
   1.0048000e+04
   1.0002000e+04
   9.9860000e+03
   1.0032000e+04
   1.0032000e+04
   1.0078000e+04
   1.0124000e+04
   1.0170000e+04
   1.0170000e+04
   1.0170000e+04
   1.0124000e+04
   1.0124000e+04
   1.0170000e+04
   1.0170000e+04
   1.0200000e+04
   1.0246000e+04
   1.0246000e+04
   1.0292000e+04
   1.0262000e+04
   1.0262000e+04
   1.0262000e+04
   1.0262000e+04
   1.0308000e+04
   1.0292000e+04
   1.0338000e+04
   1.0338000e+04
   1.0338000e+04
   1.0338000e+04
   1.0384000e+04
   1.0338000e+04
   1.0292000e+04
   1.0292000e+04
   1.0246000e+04
   1.0292000e+04
   1.0292000e+04
   1.0246000e+04
   1.0200000e+04
   1.0246000e+04
   1.0246000e+04
   1.0200000e+04
   1.0200000e+04
   1.0154000e+04
   1.0154000e+04
   1.0154000e+04
   1.0154000e+04
   1.0154000e+04
   1.0138000e+04
   1.0092000e+04
   1.0138000e+04
   1.0092000e+04
   1.0046000e+04
   1.0030000e+04
   1.0175000e+04
   1.0274000e+04
   1.0373000e+04
   1.0373000e+04
   1.0373000e+04
   1.0419000e+04
   1.0419000e+04
   1.0419000e+04
   1.0465000e+04
   1.0465000e+04
   1.0527000e+04
   1.0481000e+04
   1.0481000e+04
   1.0435000e+04
   1.0389000e+04
   1.0389000e+04
   1.0389000e+04
   1.0343000e+04
   1.0343000e+04
   1.0313000e+04
   1.0267000e+04
   1.0221000e+04
   1.0267000e+04
   1.0168000e+04
   1.0122000e+04
   1.0076000e+04
   1.0076000e+04
   1.0030000e+04
   1.0030000e+04
   1.0000000e+04
   9.8550000e+03
   9.8550000e+03
   9.7100000e+03
   9.7560000e+03
   9.7100000e+03
   9.5650000e+03
   9.5490000e+03
   9.5490000e+03
   9.5490000e+03
   9.5490000e+03
   9.5030000e+03
   9.5030000e+03
   9.5030000e+03
   9.5030000e+03
   9.5030000e+03
   9.5030000e+03
   9.5490000e+03
   9.5490000e+03
   9.5490000e+03
   9.5030000e+03
   9.5490000e+03
   9.5490000e+03
   9.5490000e+03
   9.5490000e+03
   9.5030000e+03
   9.5190000e+03
   9.4200000e+03
   9.3740000e+03
   9.3740000e+03
   9.4200000e+03
   9.3740000e+03
   9.3280000e+03
   9.3280000e+03
   9.2660000e+03
   9.2200000e+03
   9.2360000e+03
   9.2360000e+03
   9.2200000e+03
   9.2200000e+03
   9.2040000e+03
   9.2040000e+03
   9.2040000e+03
   9.2500000e+03
   9.2040000e+03
   9.2040000e+03
   9.1580000e+03
   9.1120000e+03
   9.1120000e+03
   9.0820000e+03
   8.9830000e+03
   8.9830000e+03
   8.8380000e+03
   8.7920000e+03
   8.8380000e+03
   8.7760000e+03
   8.7460000e+03
   8.6470000e+03
   8.6470000e+03
   8.7460000e+03
   8.7920000e+03
   8.8380000e+03
   8.8840000e+03
   8.8840000e+03
   8.8380000e+03
   8.7920000e+03
   8.8380000e+03
   8.8840000e+03
   8.8840000e+03
   8.8220000e+03
   8.8220000e+03
   8.8220000e+03
   8.9670000e+03
   8.9670000e+03
   9.0130000e+03
   9.0130000e+03
   9.0130000e+03
   8.9510000e+03
   8.9510000e+03
   8.9050000e+03
   8.8590000e+03
   8.8590000e+03
   8.8590000e+03
   8.8130000e+03
   8.8130000e+03
   8.8130000e+03
   8.7670000e+03
   8.7670000e+03
   8.7670000e+03
   8.7670000e+03
   8.7670000e+03
   8.7670000e+03
   8.7670000e+03
   8.7210000e+03
   8.7210000e+03
   8.7670000e+03
   8.7670000e+03
   8.7210000e+03
   8.6750000e+03
   8.7210000e+03
   8.6750000e+03
   8.7210000e+03
   8.7210000e+03
   8.7670000e+03
   8.8130000e+03
   8.7970000e+03
   8.8430000e+03
   8.8430000e+03
   8.9880000e+03
   8.9420000e+03
   8.9420000e+03
   8.9420000e+03
   8.9880000e+03
   8.9880000e+03
   9.0340000e+03
   9.0640000e+03
   9.1260000e+03
   9.1260000e+03
   9.0800000e+03
   9.0800000e+03
   9.0800000e+03
   9.0960000e+03
   9.0960000e+03
   9.0500000e+03
   9.0500000e+03
   9.1950000e+03
   9.2110000e+03
   9.1650000e+03
   9.2270000e+03
   9.0820000e+03
   9.0820000e+03
   9.0360000e+03
   9.0660000e+03
   9.2110000e+03
   9.3560000e+03
   9.5010000e+03
   9.4710000e+03
   9.4710000e+03
   9.4870000e+03
   9.4410000e+03
   9.4410000e+03
   9.4870000e+03
   9.3880000e+03
   9.4340000e+03
   9.4340000e+03
   9.4340000e+03
   9.4340000e+03
   9.4340000e+03
   9.4340000e+03
   9.3880000e+03
   9.4340000e+03
   9.4340000e+03
   9.3880000e+03
   9.4340000e+03
   9.3880000e+03
   9.4340000e+03
   9.4340000e+03
   9.4340000e+03
   9.4800000e+03
   9.4800000e+03
   9.4800000e+03
   9.4340000e+03
   9.3720000e+03
   9.3720000e+03
   9.3260000e+03
   9.2800000e+03
   9.3260000e+03
   9.3100000e+03
   9.3100000e+03
   9.2640000e+03
   9.3260000e+03
   9.2110000e+03
   9.1650000e+03
   9.1190000e+03
   9.1190000e+03
   9.1650000e+03
   9.1650000e+03
   9.1650000e+03
   9.1490000e+03
   9.2480000e+03
   9.2780000e+03
   9.2320000e+03
   9.2020000e+03
   9.1030000e+03
   9.1490000e+03
   9.1030000e+03
   9.1190000e+03
   9.1190000e+03
   9.0730000e+03
   9.0270000e+03
   9.0270000e+03
   9.0730000e+03
   9.0730000e+03
   9.0270000e+03
   9.0270000e+03
   9.0890000e+03
   9.0890000e+03
   9.0430000e+03
   9.0430000e+03
   9.0430000e+03
   9.0430000e+03
   8.9970000e+03
   8.9510000e+03
   8.9050000e+03
   8.9510000e+03
   8.9510000e+03
   8.9510000e+03
   8.9810000e+03
   8.9810000e+03
   8.9810000e+03
   8.9350000e+03
   8.9350000e+03
   8.9350000e+03
   8.9350000e+03
   8.8890000e+03
   8.8890000e+03
   8.9350000e+03
   8.9350000e+03
   8.8890000e+03
   8.8430000e+03
   8.8430000e+03
   8.8430000e+03
   8.8270000e+03
   8.8730000e+03
   8.8730000e+03
   8.8570000e+03
   8.9030000e+03
   8.9030000e+03
   8.9330000e+03
   8.9330000e+03
   8.9330000e+03
   8.9330000e+03
   8.9330000e+03
   8.9330000e+03
   8.9330000e+03
   8.9790000e+03
   8.9790000e+03
   8.9950000e+03
   8.8500000e+03
   8.8500000e+03
   8.8040000e+03
   8.8040000e+03
   8.8040000e+03
   8.7580000e+03
   8.7580000e+03
   8.8040000e+03
   8.8500000e+03
   8.8500000e+03
   8.8500000e+03
   8.8500000e+03
   8.8500000e+03
   8.8500000e+03
   8.8040000e+03
   8.7580000e+03
   8.8040000e+03
   8.8500000e+03
   8.8960000e+03
   8.8960000e+03
   8.8960000e+03
   8.8960000e+03
   8.8500000e+03
   8.8500000e+03
   8.8040000e+03
   8.8500000e+03
   8.8960000e+03
   8.8500000e+03
   8.8500000e+03
   8.8500000e+03
   8.8960000e+03
   8.8960000e+03
   8.8960000e+03
   8.8960000e+03
   8.9420000e+03
   8.9420000e+03
   8.9420000e+03
   8.8730000e+03
   8.8270000e+03
   8.8270000e+03
   8.9260000e+03
   8.9260000e+03
   8.8800000e+03
   8.8340000e+03
   8.8340000e+03
   8.8500000e+03
   8.8500000e+03
   8.8040000e+03
   8.8040000e+03
   8.7580000e+03
   8.7580000e+03
   8.7580000e+03
   8.8040000e+03
   8.8040000e+03
   8.7580000e+03
   8.7580000e+03
   8.7580000e+03
   8.7580000e+03
   8.8040000e+03
   8.7580000e+03
   8.7580000e+03
   8.7420000e+03
   8.7420000e+03
   8.6960000e+03
   8.6960000e+03
   8.6500000e+03
   8.6500000e+03
   8.6500000e+03
   8.6040000e+03
   8.6040000e+03
   8.6040000e+03
   8.6040000e+03
   8.6200000e+03
   8.6200000e+03
   8.6660000e+03
   8.6660000e+03
   8.7280000e+03
   8.6820000e+03
   8.6660000e+03
   8.6660000e+03
   8.6040000e+03
   8.5580000e+03
   8.7030000e+03
   8.7030000e+03
   8.6410000e+03
   8.6410000e+03
   8.6410000e+03
   8.6570000e+03
   8.6570000e+03
   8.7190000e+03
   8.5740000e+03
   8.5740000e+03
   8.5120000e+03
   8.6110000e+03
   8.7100000e+03
   8.7100000e+03
   8.6640000e+03
   8.6640000e+03
   8.6640000e+03
   8.6180000e+03
   8.5720000e+03
   8.5260000e+03
   8.5260000e+03
   8.4800000e+03
   8.4340000e+03
   8.4800000e+03
   8.5260000e+03
   8.5260000e+03
   8.5420000e+03
   8.5420000e+03
   8.3970000e+03
   8.3970000e+03
   8.4430000e+03
   8.4430000e+03
   8.3970000e+03
   8.3970000e+03
   8.3970000e+03
   8.4430000e+03
   8.4590000e+03
   8.4590000e+03
   8.3600000e+03
   8.2610000e+03
   8.2610000e+03
   8.2610000e+03
   8.2150000e+03
   8.1690000e+03
   8.1690000e+03
   8.2150000e+03
   8.1530000e+03
   8.1530000e+03
   8.1070000e+03
   8.1530000e+03
   8.1530000e+03
   8.1990000e+03
   8.2450000e+03
   8.2450000e+03
   8.3440000e+03
   8.3900000e+03
   8.4890000e+03
   8.6340000e+03
   8.6340000e+03
   8.6340000e+03
   8.6040000e+03
   8.4590000e+03
   8.4590000e+03
   8.4130000e+03
   8.4590000e+03
   8.4890000e+03
   8.5350000e+03
   8.5350000e+03
   8.5350000e+03
   8.5050000e+03
   8.3600000e+03
   8.3600000e+03
   8.4060000e+03
   8.3900000e+03
   8.3900000e+03
   8.3440000e+03
   8.3900000e+03
   8.3440000e+03
   8.3440000e+03
   8.3440000e+03
   8.2980000e+03
   8.2820000e+03
   8.3810000e+03
   8.3810000e+03
   8.3350000e+03
   8.3190000e+03
   8.4640000e+03
   8.4640000e+03
   8.4640000e+03
   8.4640000e+03
   8.5100000e+03
   8.5100000e+03
   8.5560000e+03
   8.6020000e+03
   8.6020000e+03
   8.6020000e+03
   8.6480000e+03
   8.6020000e+03
   8.6020000e+03
   8.6020000e+03
   8.6480000e+03
   8.6480000e+03
   8.6020000e+03
   8.5560000e+03
   8.5560000e+03
   8.5100000e+03
   8.5100000e+03
   8.5100000e+03
   8.5100000e+03
   8.5720000e+03
   8.5720000e+03
   8.5720000e+03
   8.5260000e+03
   8.4800000e+03
   8.4800000e+03
   8.4960000e+03
   8.4960000e+03
   8.5260000e+03
   8.5420000e+03
   8.4960000e+03
   8.4500000e+03
   8.4660000e+03
   8.3210000e+03
   8.2750000e+03
   8.2290000e+03
   8.1830000e+03
   8.1370000e+03
   8.1370000e+03
   8.1830000e+03
   8.2290000e+03
   8.2290000e+03
   8.2450000e+03
   8.1990000e+03
   8.1990000e+03
   8.2450000e+03
   8.2910000e+03
   8.2910000e+03
   8.3370000e+03
   8.3830000e+03
   8.3830000e+03
   8.4290000e+03
   8.4750000e+03
   8.4750000e+03
   8.4750000e+03
   8.4290000e+03
   8.4290000e+03
   8.4750000e+03
   8.4750000e+03
   8.4750000e+03
   8.5210000e+03
   8.5670000e+03
   8.5210000e+03
   8.5210000e+03
   8.5210000e+03
   8.5670000e+03
   8.5670000e+03
   8.5830000e+03
   8.4380000e+03
   8.3920000e+03
   8.3460000e+03
   8.3000000e+03
   8.2840000e+03
   8.3300000e+03
   8.2840000e+03
   8.3300000e+03
   8.3300000e+03
   8.2840000e+03
   8.2840000e+03
   8.2840000e+03
   8.2840000e+03
   8.3140000e+03
   8.3600000e+03
   8.3600000e+03
   8.3600000e+03
   8.4590000e+03
   8.5050000e+03
   8.5510000e+03
   8.5510000e+03
   8.5510000e+03
   8.5510000e+03
   8.5810000e+03
   8.7260000e+03
   8.6800000e+03
   8.7790000e+03
   8.7330000e+03
   8.7790000e+03
   8.8780000e+03
   8.8780000e+03
   8.8780000e+03
   8.8320000e+03
   8.8320000e+03
   8.8320000e+03
   8.8320000e+03
   8.7860000e+03
   8.7400000e+03
   8.7400000e+03
   8.7400000e+03
   8.6940000e+03
   8.6940000e+03
   8.7400000e+03
   8.7400000e+03
   8.7400000e+03
   8.7400000e+03
   8.6940000e+03
   8.6940000e+03
   8.7400000e+03
   8.7400000e+03
   8.8390000e+03
   8.8850000e+03
   8.8850000e+03
   8.8850000e+03
   8.8850000e+03
   8.8850000e+03
   8.8850000e+03
   8.8850000e+03
   8.8850000e+03
   8.8230000e+03
   8.8230000e+03
   8.8690000e+03
   8.8690000e+03
   8.8390000e+03
   8.8090000e+03
   8.8090000e+03
   8.8090000e+03
   8.8550000e+03
   8.8550000e+03
   8.9010000e+03
   8.9010000e+03
   8.8550000e+03
   8.8390000e+03
   8.9380000e+03
   8.8920000e+03
   9.0370000e+03
   9.0830000e+03
   9.0830000e+03
   9.0830000e+03
   9.1130000e+03
   9.2580000e+03
   9.2580000e+03
   9.3200000e+03
   9.1750000e+03
   9.1750000e+03
   9.1750000e+03
   9.1750000e+03
   9.2210000e+03
   9.2670000e+03
   9.2210000e+03
   9.2210000e+03
   9.2670000e+03
   9.3130000e+03
   9.3590000e+03
   9.3590000e+03
   9.3290000e+03
   9.2300000e+03
   9.0850000e+03
   9.0850000e+03
   9.1310000e+03
   9.1310000e+03
   9.1770000e+03
   9.1770000e+03
   9.1770000e+03
   9.1310000e+03
   9.1310000e+03
   9.1930000e+03
   9.1930000e+03
   9.2390000e+03
   9.2850000e+03
   9.1400000e+03
   9.1400000e+03
   9.0940000e+03
   9.0480000e+03
   9.0480000e+03
   9.0480000e+03
   9.0480000e+03
   9.0480000e+03
   9.0480000e+03
   9.0480000e+03
   9.0480000e+03
   9.0480000e+03
   9.0480000e+03
   9.0480000e+03
   9.0480000e+03
   9.0480000e+03
   9.0480000e+03
   9.0480000e+03
   9.0020000e+03
   8.9560000e+03
   8.9560000e+03
   8.9100000e+03
   8.9100000e+03
   8.9100000e+03
   8.9100000e+03
   8.9100000e+03
   8.9100000e+03
   8.8640000e+03
   8.8640000e+03
   8.8480000e+03
   8.8480000e+03
   8.8940000e+03
   8.8940000e+03
   8.8480000e+03
   8.8320000e+03
   8.7860000e+03
   8.7700000e+03
   8.8690000e+03
   8.8690000e+03
   8.8530000e+03
   8.8530000e+03
   8.8370000e+03
   8.9820000e+03
   8.9820000e+03
   9.0280000e+03
   8.9980000e+03
   8.9980000e+03
   8.9520000e+03
   8.9520000e+03
   8.9360000e+03
   8.9360000e+03
   8.9660000e+03
   9.0120000e+03
   9.0580000e+03
   9.0580000e+03
   9.1570000e+03
   9.1570000e+03
   9.1570000e+03
   9.1570000e+03
   9.1570000e+03
   9.2030000e+03
   9.2030000e+03
   9.2030000e+03
   9.2030000e+03
   9.2030000e+03
   9.2030000e+03
   9.1570000e+03
   9.2030000e+03
   9.1570000e+03
   9.2030000e+03
   9.1570000e+03
   9.1730000e+03
   9.1730000e+03
   9.1730000e+03
   9.1730000e+03
   9.0740000e+03
   9.0740000e+03
   9.0740000e+03
   9.1200000e+03
   9.1200000e+03
   9.1660000e+03
   9.1200000e+03
   9.1660000e+03
   9.1040000e+03
   9.2490000e+03
   9.2950000e+03
   9.3410000e+03
   9.3410000e+03
   9.2950000e+03
   9.2490000e+03
   9.2490000e+03
   9.2490000e+03
   9.2490000e+03
   9.2030000e+03
   9.2490000e+03
   9.2330000e+03
   9.3480000e+03
   9.2030000e+03
   9.2030000e+03
   9.1410000e+03
   9.1410000e+03
   9.1410000e+03
   9.1410000e+03
   9.0950000e+03
   9.0950000e+03
   9.1570000e+03
   9.0580000e+03
   8.9130000e+03
   8.8970000e+03
   8.9430000e+03
   9.0050000e+03
   9.0510000e+03
   9.0050000e+03
   9.0050000e+03
   9.0670000e+03
   9.0670000e+03
   9.1130000e+03
   9.0670000e+03
   9.0210000e+03
   9.0670000e+03
   9.0210000e+03
   9.0210000e+03
   9.0670000e+03
   9.1130000e+03
   9.1130000e+03
   9.1130000e+03
   9.1130000e+03
   9.1590000e+03
   9.1130000e+03
   9.1130000e+03
   9.1130000e+03
   9.1130000e+03
   9.1590000e+03
   9.1590000e+03
   9.1130000e+03
   9.1130000e+03
   9.1130000e+03
   9.1130000e+03
   9.1130000e+03
   9.1130000e+03
   9.1590000e+03
   9.1130000e+03
   9.0670000e+03
   9.0210000e+03
   9.0210000e+03
   9.0670000e+03
   9.0670000e+03
   9.1290000e+03
   8.9840000e+03
   8.9840000e+03
   8.9220000e+03
   9.0670000e+03
   9.0210000e+03
   9.0210000e+03
   9.0670000e+03
   9.0670000e+03
   9.0670000e+03
   9.0670000e+03
   9.0670000e+03
   9.0210000e+03
   9.0210000e+03
   9.0370000e+03
   8.9910000e+03
   9.0370000e+03
   9.0370000e+03
   9.0370000e+03
   9.0990000e+03
   9.0990000e+03
   9.0530000e+03
   9.0070000e+03
   9.0530000e+03
   9.0070000e+03
   9.0070000e+03
   9.0530000e+03
   9.0530000e+03
   9.0990000e+03
   9.0530000e+03
   9.0690000e+03
   9.0690000e+03
   9.0230000e+03
   8.9770000e+03
   8.9310000e+03
   8.8850000e+03
   8.9310000e+03
   8.8320000e+03
   8.7860000e+03
   8.7860000e+03
   8.7860000e+03
   8.8850000e+03
   9.0300000e+03
   9.0300000e+03
   9.0760000e+03
   9.0300000e+03
   9.0760000e+03
   9.0760000e+03
   9.0760000e+03
   9.0140000e+03
   9.0600000e+03
   9.0600000e+03
   9.0600000e+03
   9.1060000e+03
   9.1060000e+03
   9.1060000e+03
   9.0600000e+03
   9.0600000e+03
   9.1220000e+03
   9.0230000e+03
   8.9240000e+03
   8.8780000e+03
   8.8780000e+03
   8.8780000e+03
   8.8320000e+03
   8.7860000e+03
   8.7860000e+03
   8.8320000e+03
   8.8780000e+03
   8.8780000e+03
   8.8780000e+03
   8.8780000e+03
   8.9240000e+03
   8.8940000e+03
   8.7950000e+03
   8.7950000e+03
   8.7790000e+03
   8.7790000e+03
   8.7330000e+03
   8.7490000e+03
   8.6870000e+03
   8.6870000e+03
   8.6870000e+03
   8.6870000e+03
   8.6870000e+03
   8.7330000e+03
   8.6870000e+03
   8.7330000e+03
   8.6340000e+03
   8.6800000e+03
   8.6340000e+03
   8.6640000e+03
   8.7100000e+03
   8.6940000e+03
   8.7930000e+03
   8.7930000e+03
   8.8390000e+03
   8.8390000e+03
   8.8850000e+03
   8.8390000e+03
   8.8850000e+03
   8.8850000e+03
   8.9310000e+03
   8.9770000e+03
   8.9770000e+03
   8.9770000e+03
   9.0230000e+03
   9.0690000e+03
   9.1150000e+03
   9.1150000e+03
   9.1150000e+03
   9.1610000e+03
   9.1450000e+03
   9.0990000e+03
   9.1980000e+03
   9.1520000e+03
   9.1060000e+03
   9.0600000e+03
   9.0600000e+03
   9.0140000e+03
   8.9680000e+03
   8.9680000e+03
   8.9060000e+03
   8.9060000e+03
   9.0510000e+03
   9.1500000e+03
   9.1960000e+03
   9.2120000e+03
   9.2120000e+03
   9.2120000e+03
   9.2120000e+03
   9.1660000e+03
   9.2120000e+03
   9.2120000e+03
   9.2120000e+03
   9.2280000e+03
   9.2280000e+03
   9.1820000e+03
   9.1820000e+03
   9.1360000e+03
   9.1820000e+03
   9.1360000e+03
   9.1360000e+03
   9.0900000e+03
   9.1520000e+03
   9.1980000e+03
   9.0830000e+03
   9.2280000e+03
   9.0830000e+03
   8.9840000e+03
   8.9840000e+03
   8.9380000e+03
   8.8920000e+03
   8.8460000e+03
   8.8460000e+03
   8.8300000e+03
   8.9450000e+03
   8.8460000e+03
   8.8460000e+03
   8.8460000e+03
   8.8920000e+03
   8.8920000e+03
   8.8460000e+03
   8.8620000e+03
   8.7170000e+03
   8.7170000e+03
   8.7630000e+03
   8.7630000e+03
   8.8090000e+03
   8.8090000e+03
   8.8550000e+03
   8.9010000e+03
   8.8550000e+03
   8.8550000e+03
   8.8090000e+03
   8.7630000e+03
   8.7170000e+03
   8.7170000e+03
   8.6710000e+03
   8.6410000e+03
   8.5420000e+03
   8.4960000e+03
   8.4960000e+03
   8.5420000e+03
   8.4960000e+03
   8.4960000e+03
   8.4960000e+03
   8.5420000e+03
   8.5420000e+03
   8.5880000e+03
   8.5880000e+03
   8.6340000e+03
   8.6340000e+03
   8.5880000e+03
   8.5420000e+03
   8.5260000e+03
   8.5720000e+03
   8.5260000e+03
   8.5260000e+03
   8.5260000e+03
   8.4960000e+03
   8.4800000e+03
   8.4800000e+03
   8.4800000e+03
   8.4640000e+03
   8.4640000e+03
   8.5100000e+03
   8.4480000e+03
   8.5930000e+03
   8.6390000e+03
   8.6850000e+03
   8.6850000e+03
   8.6850000e+03
   8.6850000e+03
   8.7010000e+03
   8.7010000e+03
   8.7470000e+03
   8.7310000e+03
   8.7770000e+03
   8.7770000e+03
   8.7310000e+03
   8.6850000e+03
   8.6390000e+03
   8.5930000e+03
   8.5470000e+03
   8.5930000e+03
   8.5470000e+03
   8.5470000e+03
   8.5010000e+03
   8.5010000e+03
   8.5010000e+03
   8.4550000e+03
   8.4550000e+03
   8.4250000e+03
   8.4250000e+03
   8.3790000e+03
   8.3790000e+03
   8.3790000e+03
   8.3330000e+03
   8.3790000e+03
   8.3790000e+03
   8.3790000e+03
   8.3630000e+03
   8.5080000e+03
   8.5240000e+03
   8.5700000e+03
   8.5700000e+03
   8.5700000e+03
   8.5240000e+03
   8.5240000e+03
   8.5240000e+03
   8.5240000e+03
   8.5700000e+03
   8.5860000e+03
   8.4870000e+03
   8.4870000e+03
   8.3420000e+03
   8.3420000e+03
   8.3880000e+03
   8.3420000e+03
   8.3420000e+03
   8.3420000e+03
   8.3420000e+03
   8.3420000e+03
   8.3880000e+03
   8.3880000e+03
   8.3420000e+03
   8.3580000e+03
   8.3580000e+03
   8.4040000e+03
   8.3050000e+03
   8.2590000e+03
   8.2590000e+03
   8.2290000e+03
   8.2290000e+03
   8.2290000e+03
   8.2290000e+03
   8.2750000e+03
   8.2750000e+03
   8.2750000e+03
   8.3210000e+03
   8.3210000e+03
   8.3370000e+03
   8.2380000e+03
   8.2380000e+03
   8.1920000e+03
   8.2380000e+03
   8.2380000e+03
   8.2380000e+03
   8.2380000e+03
   8.2380000e+03
   8.2540000e+03
   8.0930000e+03
   8.0930000e+03
   8.0470000e+03
   8.0010000e+03
   8.0010000e+03
   8.0010000e+03
   8.0010000e+03
   8.0010000e+03
   8.0010000e+03
   8.0470000e+03
   8.0470000e+03
   8.0010000e+03
   8.0010000e+03
   8.0470000e+03
   8.0310000e+03
   8.0610000e+03
   8.0610000e+03
   8.0770000e+03
   8.0310000e+03
   8.0770000e+03
   7.9320000e+03
   7.9320000e+03
   7.9780000e+03
   8.0240000e+03
   8.0700000e+03
   8.1160000e+03
   8.1160000e+03
   8.1160000e+03
   8.0700000e+03
   8.1160000e+03
   8.1160000e+03
   8.1160000e+03
   8.1160000e+03
   8.1000000e+03
   8.1990000e+03
   8.1990000e+03
   8.1990000e+03
   8.2450000e+03
   8.1990000e+03
   8.2150000e+03
   8.2150000e+03
   8.2310000e+03
   8.0860000e+03
   8.0860000e+03
   8.0400000e+03
   7.9940000e+03
   7.9780000e+03
   8.0770000e+03
   8.1760000e+03
   8.1300000e+03
   8.0840000e+03
   8.1300000e+03
   8.1300000e+03
   8.1300000e+03
   8.1760000e+03
   8.1920000e+03
   8.0470000e+03
   7.9850000e+03
   7.9550000e+03
   7.9090000e+03
   7.8630000e+03
   7.9780000e+03
   8.0240000e+03
   8.0240000e+03
   7.9250000e+03
   7.9710000e+03
   7.9710000e+03
   8.0170000e+03
   7.9710000e+03
   7.9710000e+03
   7.9710000e+03
   8.0170000e+03
   8.0630000e+03
   8.0330000e+03
   7.9340000e+03
   7.9340000e+03
   7.7890000e+03
   7.7430000e+03
   7.7430000e+03
   7.7430000e+03
   7.7430000e+03
   7.7890000e+03
   7.8350000e+03
   7.8810000e+03
   7.8350000e+03
   7.8350000e+03
   7.7890000e+03
   7.7890000e+03
   7.7890000e+03
   7.7430000e+03
   7.6970000e+03
   7.6510000e+03
   7.6510000e+03
   7.6510000e+03
   7.6510000e+03
   7.6970000e+03
   7.7430000e+03
   7.7890000e+03
   7.7890000e+03
   7.7890000e+03
   7.7430000e+03
   7.7890000e+03
   7.7430000e+03
   7.7430000e+03
   7.7430000e+03
   7.7130000e+03
   7.6970000e+03
   7.6970000e+03
   7.6970000e+03
   7.6970000e+03
   7.7430000e+03
   7.7890000e+03
   7.7890000e+03
   7.7890000e+03
   7.7430000e+03
   7.6970000e+03
   7.7430000e+03
   7.7430000e+03
   7.6970000e+03
   7.7430000e+03
   7.7430000e+03
   7.7430000e+03
   7.7430000e+03
   7.7890000e+03
   7.7890000e+03
   7.8510000e+03
   7.8970000e+03
   7.8970000e+03
   7.8510000e+03
   7.8510000e+03
   7.8510000e+03
   7.8970000e+03
   7.8350000e+03
   7.8810000e+03
   7.8810000e+03
   7.9270000e+03
   8.0260000e+03
   8.0260000e+03
   8.0260000e+03
   8.0260000e+03
   8.0420000e+03
   8.0420000e+03
   8.0880000e+03
   8.0880000e+03
   8.0880000e+03
   8.0880000e+03
   8.0420000e+03
   7.9960000e+03
   8.0420000e+03
   8.0880000e+03
   8.1340000e+03
   8.1340000e+03
   8.1800000e+03
   8.2260000e+03
   8.2720000e+03
   8.2260000e+03
   8.2260000e+03
   8.2100000e+03
   8.3090000e+03
   8.3550000e+03
   8.3550000e+03
   8.4010000e+03
   8.4010000e+03
   8.4470000e+03
   8.4930000e+03
   8.4930000e+03
   8.4770000e+03
   8.6220000e+03
   8.7210000e+03
   8.7210000e+03
   8.6750000e+03
   8.6590000e+03
   8.6130000e+03
   8.6130000e+03
   8.6130000e+03
   8.5970000e+03
   8.6430000e+03
   8.6430000e+03
   8.6890000e+03
   8.6890000e+03
   8.6890000e+03
   8.6890000e+03
   8.6430000e+03
   8.6430000e+03
   8.5970000e+03
   8.6430000e+03
   8.6890000e+03
   8.6890000e+03
   8.6590000e+03
   8.6060000e+03
   8.5600000e+03
   8.6060000e+03
   8.6680000e+03
   8.6220000e+03
   8.6680000e+03
   8.6680000e+03
   8.6680000e+03
   8.6680000e+03
   8.6680000e+03
   8.6680000e+03
   8.6680000e+03
   8.6220000e+03
   8.6220000e+03
   8.6220000e+03
   8.6680000e+03
   8.6220000e+03
   8.6220000e+03
   8.6220000e+03
   8.6060000e+03
   8.7050000e+03
   8.6590000e+03
   8.7050000e+03
   8.7050000e+03
   8.7050000e+03
   8.7510000e+03
   8.7050000e+03
   8.6590000e+03
   8.7050000e+03
   8.6590000e+03
   8.6130000e+03
   8.6590000e+03
   8.7050000e+03
   8.6890000e+03
   8.7350000e+03
   8.6890000e+03
   8.6430000e+03
   8.6890000e+03
   8.6730000e+03
   8.6730000e+03
   8.6730000e+03
   8.7190000e+03
   8.6730000e+03
   8.7190000e+03
   8.7650000e+03
   8.7190000e+03
   8.7650000e+03
   8.7650000e+03
   8.8110000e+03
   8.7490000e+03
   8.7950000e+03
   8.7950000e+03
   8.8410000e+03
   8.8870000e+03
   8.9330000e+03
   8.9030000e+03
   9.0480000e+03
   9.0480000e+03
   9.0480000e+03
   9.0480000e+03
   9.0480000e+03
   9.0020000e+03
   9.0480000e+03
   9.0480000e+03
   9.0940000e+03
   9.0940000e+03
   9.0940000e+03
   9.0940000e+03
   9.1400000e+03
   9.0940000e+03
   9.1100000e+03
   9.0640000e+03
   9.0640000e+03
   9.0640000e+03
   9.1100000e+03
   9.1100000e+03
   9.1260000e+03
   9.0640000e+03
   9.2090000e+03
   9.3080000e+03
   9.3540000e+03
   9.3540000e+03
   9.4160000e+03
   9.4620000e+03
   9.4620000e+03
   9.4620000e+03
   9.4620000e+03
   9.4160000e+03
   9.4160000e+03
   9.4160000e+03
   9.3700000e+03
   9.3700000e+03
   9.3540000e+03
   9.4530000e+03
   9.4530000e+03
   9.4530000e+03
   9.4530000e+03
   9.4530000e+03
   9.3910000e+03
   9.4370000e+03
   9.4830000e+03
   9.5290000e+03
   9.5290000e+03
   9.5750000e+03
   9.5290000e+03
   9.5750000e+03
   9.5750000e+03
   9.7200000e+03
   9.6740000e+03
   9.6740000e+03
   9.6280000e+03
   9.6280000e+03
   9.6280000e+03
   9.6280000e+03
   9.6740000e+03
   9.6740000e+03
   9.7200000e+03
   9.6740000e+03
   9.7200000e+03
   9.6740000e+03
   9.7200000e+03
   9.7200000e+03
   9.6900000e+03
   9.5910000e+03
   9.6370000e+03
   9.6370000e+03
   9.5910000e+03
   9.5450000e+03
   9.5450000e+03
   9.5450000e+03
   9.4990000e+03
   9.4990000e+03
   9.5450000e+03
   9.5910000e+03
   9.5910000e+03
   9.6530000e+03
   9.5540000e+03
   9.5540000e+03
   9.6000000e+03
   9.6000000e+03
   9.6000000e+03
   9.6460000e+03
   9.6920000e+03
   9.6460000e+03
   9.6460000e+03
   9.6460000e+03
   9.6760000e+03
   9.7220000e+03
   9.7840000e+03
   9.6850000e+03
   9.5860000e+03
   9.5400000e+03
   9.4940000e+03
   9.4940000e+03
   9.4320000e+03
   9.4780000e+03
   9.5240000e+03
   9.5240000e+03
   9.5700000e+03
   9.5700000e+03
   9.5700000e+03
   9.5240000e+03
   9.5240000e+03
   9.5080000e+03
   9.5080000e+03
   9.6070000e+03
   9.6070000e+03
   9.7520000e+03
   9.8970000e+03
   9.8970000e+03
   9.9590000e+03
   9.9590000e+03
   9.9590000e+03
   9.9590000e+03
   1.0005000e+04
   1.0005000e+04
   1.0104000e+04
   1.0104000e+04
   1.0150000e+04
   1.0104000e+04
   1.0150000e+04
   1.0196000e+04
   1.0226000e+04
   1.0387000e+04
   1.0341000e+04
   1.0341000e+04
   1.0196000e+04
   1.0051000e+04
   1.0097000e+04
   1.0097000e+04
   1.0097000e+04
   1.0143000e+04
   1.0143000e+04
   1.0189000e+04
   1.0235000e+04
   1.0281000e+04
   1.0281000e+04
   1.0327000e+04
   1.0311000e+04
   1.0410000e+04
   1.0456000e+04
   1.0410000e+04
   1.0410000e+04
   1.0410000e+04
   1.0364000e+04
   1.0318000e+04
   1.0318000e+04
   1.0364000e+04
   1.0318000e+04
   1.0272000e+04
   1.0226000e+04
   1.0226000e+04
   1.0226000e+04
   1.0272000e+04
   1.0226000e+04
   1.0226000e+04
   1.0226000e+04
   1.0272000e+04
   1.0272000e+04
   1.0256000e+04
   1.0256000e+04
   1.0210000e+04
   1.0164000e+04
   1.0210000e+04
   1.0256000e+04
   1.0210000e+04
   1.0210000e+04
   1.0210000e+04
   1.0164000e+04
   1.0164000e+04
   1.0164000e+04
   1.0164000e+04
   1.0118000e+04
   1.0056000e+04
   1.0010000e+04
   9.9640000e+03
   1.0010000e+04
   1.0010000e+04
   1.0056000e+04
   1.0102000e+04
   1.0118000e+04
   1.0019000e+04
   9.9200000e+03
   9.9200000e+03
   9.8740000e+03
   9.9200000e+03
   9.9200000e+03
   9.9200000e+03
   9.9200000e+03
   9.9200000e+03
   9.9660000e+03
   9.9820000e+03
   9.9660000e+03
   1.0012000e+04
   1.0012000e+04
   1.0012000e+04
   1.0058000e+04
   1.0058000e+04
   1.0058000e+04
   1.0012000e+04
   1.0012000e+04
   1.0012000e+04
   1.0012000e+04
   1.0042000e+04
   9.9960000e+03
   9.9960000e+03
   9.9960000e+03
   9.9960000e+03
   1.0042000e+04
   9.9960000e+03
   1.0042000e+04
   9.9960000e+03
   9.9800000e+03
   1.0079000e+04
   1.0033000e+04
   1.0178000e+04
   1.0178000e+04
   1.0178000e+04
   1.0178000e+04
   1.0178000e+04
   1.0132000e+04
   1.0132000e+04
   1.0132000e+04
   1.0086000e+04
   1.0040000e+04
   1.0086000e+04
   1.0024000e+04
   1.0070000e+04
   1.0024000e+04
   1.0123000e+04
   1.0123000e+04
   1.0169000e+04
   1.0199000e+04
   1.0199000e+04
   1.0215000e+04
   1.0215000e+04
   1.0215000e+04
   1.0169000e+04
   1.0169000e+04
   1.0123000e+04
   1.0077000e+04
   1.0061000e+04
   1.0206000e+04
   1.0206000e+04
   1.0252000e+04
   1.0252000e+04
   1.0252000e+04
   1.0298000e+04
   1.0344000e+04
   1.0298000e+04
   1.0282000e+04
   1.0427000e+04
   1.0427000e+04
   1.0473000e+04
   1.0473000e+04
   1.0473000e+04
   1.0535000e+04
   1.0436000e+04
   1.0436000e+04
   1.0436000e+04
   1.0436000e+04
   1.0482000e+04
   1.0482000e+04
   1.0498000e+04
   1.0498000e+04
   1.0498000e+04
   1.0452000e+04
   1.0498000e+04
   1.0436000e+04
   1.0482000e+04
   1.0482000e+04
   1.0581000e+04
   1.0627000e+04
   1.0627000e+04
   1.0627000e+04
   1.0581000e+04
   1.0535000e+04
   1.0489000e+04
   1.0443000e+04
   1.0489000e+04
   1.0489000e+04
   1.0443000e+04
   1.0397000e+04
   1.0351000e+04
   1.0305000e+04
   1.0305000e+04
   1.0259000e+04
   1.0275000e+04
   1.0130000e+04
   1.0176000e+04
   1.0114000e+04
   1.0114000e+04
   1.0098000e+04
   1.0197000e+04
   1.0197000e+04
   1.0243000e+04
   1.0289000e+04
   1.0289000e+04
   1.0335000e+04
   1.0381000e+04
   1.0427000e+04
   1.0473000e+04
   1.0473000e+04
   1.0427000e+04
   1.0427000e+04
   1.0427000e+04
   1.0457000e+04
   1.0556000e+04
   1.0602000e+04
   1.0586000e+04
   1.0632000e+04
   1.0632000e+04
   1.0616000e+04
   1.0616000e+04
   1.0662000e+04
   1.0807000e+04
   1.0761000e+04
   1.0761000e+04
   1.0761000e+04
   1.0807000e+04
   1.0761000e+04
   1.0761000e+04
   1.0715000e+04
   1.0669000e+04
   1.0653000e+04
   1.0798000e+04
   1.0768000e+04
   1.0768000e+04
   1.0814000e+04
   1.0669000e+04
   1.0669000e+04
   1.0669000e+04
   1.0669000e+04
   1.0623000e+04
   1.0623000e+04
   1.0669000e+04
   1.0715000e+04
   1.0715000e+04
   1.0731000e+04
   1.0731000e+04
   1.0731000e+04
   1.0731000e+04
   1.0777000e+04
   1.0632000e+04
   1.0678000e+04
   1.0724000e+04
   1.0678000e+04
   1.0678000e+04
   1.0678000e+04
   1.0724000e+04
   1.0724000e+04
   1.0724000e+04
   1.0724000e+04
   1.0770000e+04
   1.0724000e+04
   1.0724000e+04
   1.0770000e+04
   1.0671000e+04
   1.0625000e+04
   1.0671000e+04
   1.0625000e+04
   1.0625000e+04
   1.0625000e+04
   1.0625000e+04
   1.0579000e+04
   1.0595000e+04
   1.0641000e+04
   1.0595000e+04
   1.0496000e+04
   1.0542000e+04
   1.0496000e+04
   1.0450000e+04
   1.0404000e+04
   1.0404000e+04
   1.0358000e+04
   1.0312000e+04
   1.0250000e+04
   1.0250000e+04
   1.0296000e+04
   1.0342000e+04
   1.0388000e+04
   1.0388000e+04
   1.0388000e+04
   1.0388000e+04
   1.0388000e+04
   1.0404000e+04
   1.0358000e+04
   1.0404000e+04
   1.0420000e+04
   1.0466000e+04
   1.0321000e+04
   1.0305000e+04
   1.0206000e+04
   1.0160000e+04
   1.0114000e+04
   1.0114000e+04
   1.0068000e+04
   1.0114000e+04
   9.9160000e+03
   9.8700000e+03
   9.8700000e+03
   9.8400000e+03
   9.7940000e+03
   9.7940000e+03
   9.7480000e+03
   9.7480000e+03
   9.7480000e+03
   9.7480000e+03
   9.7480000e+03
   9.7940000e+03
   9.7940000e+03
   9.8400000e+03
   9.8400000e+03
